1
1 2112 0 0 -1.32743e-01 -1.23201e-01 -6.59906e-02 0.939566 0  5.98067e+03  2.50037e+03  9.83694e+03 0 0 0 
1
1 2112 0 0 -1.51726e-02 -5.19734e-02  7.78312e-02 0.939566 0 -7.53824e+03  6.21949e+03  6.75969e+03 0 0 0 
1
1 2112 0 0 -8.98683e-03 -8.03862e-02  6.35356e-02 0.939566 0 -2.99376e+03 -7.05246e+03  9.12653e+03 0 0 0 
1
1 2112 0 0  5.08341e-02  5.45828e-03 -2.24636e-02 0.939566 0 -6.07593e+03  5.56644e+03  9.68251e+03 0 0 0 
1
1 2112 0 0 -2.76436e-02  3.01725e-02  2.04690e-02 0.939566 0 -6.63370e+03 -3.92435e+03  9.32792e+03 0 0 0 
2
1 2112 0 0  3.98112e-03 -4.84752e-02 -4.92342e-02 0.939566 0  9.29913e+03  1.15484e+03  9.01896e+03 0 0 0 
1 2112 0 0  5.48438e-02  1.25569e-01 -1.30886e-01 0.939566 0  9.29913e+03  1.15484e+03  9.01896e+03 0 0 0 
1
1 2112 0 0 -4.33001e-02  4.60801e-02 -7.98376e-02 0.939566 0 -5.23564e+03 -1.99198e+03  8.40331e+03 0 0 0 
1
1 2112 0 0  3.10787e-02  4.29960e-02 -8.64679e-02 0.939566 0  7.44841e+03  3.42658e+03  9.94200e+03 0 0 0 
5
1 2112 0 0 -1.17014e-01 -3.48522e-03 -1.88755e-02 0.939566 0 -1.34431e+03  3.67854e+03  9.33248e+03 0 0 0 
1 2112 0 0  1.39042e-02 -1.40704e-02  1.48225e-02 0.939566 0 -1.34431e+03  3.67854e+03  9.33248e+03 0 0 0 
1 2112 0 0  4.46252e-02  2.80534e-02  7.94921e-03 0.939566 0 -1.34431e+03  3.67854e+03  9.33248e+03 0 0 0 
1 2112 0 0  9.96698e-03 -1.11942e-03 -5.24325e-02 0.939566 0 -1.34320e+03  3.45032e+03  8.99855e+03 0 0 0 
1 2112 0 0  3.65270e-02 -1.04308e-01 -1.38895e-01 0.939566 0 -1.34320e+03  3.45032e+03  8.99855e+03 0 0 0 
1
1 2112 0 0 -4.39913e-02  1.89307e-02 -8.29733e-03 0.939566 0 -7.78839e+02 -1.54223e+02  8.04790e+03 0 0 0 
1
1 2112 0 0  1.15861e-01  3.65161e-02  1.74653e-02 0.939566 0  8.45520e+03  5.18950e+03  9.39964e+03 0 0 0 
1
1 2112 0 0 -1.07545e-02 -9.90345e-02 -1.12453e-01 0.939566 0  8.74767e+03  3.06486e+03 -2.44645e+03 0 0 0 
4
1 2112 0 0  1.24297e-01  7.97745e-03  1.32989e-01 0.939566 0  2.81555e+02  8.48082e+03  9.50778e+03 0 0 0 
1 2112 0 0  1.44796e-02  4.21608e-02 -4.23759e-02 0.939566 0  2.81555e+02  8.48082e+03  9.50778e+03 0 0 0 
1 2112 0 0 -4.25302e-03 -1.70220e-03 -4.18899e-02 0.939566 0  2.81555e+02  8.48082e+03  9.50778e+03 0 0 0 
1 2112 0 0 -1.44892e-01 -7.09692e-02  1.09562e-01 0.939566 0  2.81555e+02  8.48082e+03  9.50778e+03 0 0 0 
1
1 2112 0 0  4.76186e-02  8.80249e-02 -8.47873e-02 0.939566 0 -7.85875e+02  9.67894e+03  9.94353e+03 0 0 0 
1
1 2112 0 0 -6.03405e-03 -4.47669e-02 -7.80902e-02 0.939566 0  4.46675e+03  2.21231e+03  9.69844e+03 0 0 0 
1
1 2112 0 0 -1.15347e-01 -7.76076e-02 -5.66570e-02 0.939566 0 -2.05780e+03  7.91718e+03  8.77706e+03 0 0 0 
3
1 2112 0 0 -3.63149e-01 -2.38336e-01 -1.59135e-01 0.939566 0 -1.42971e+03 -2.11017e+03  8.74476e+03 0 0 0 
1 2112 0 0  8.40671e-05  1.49393e-02  6.79521e-04 0.939566 0 -2.29258e+03 -2.40204e+03  6.88121e+03 0 0 0 
1 2112 0 0  3.43846e-02 -3.90022e-02 -8.50986e-03 0.939566 0 -2.29258e+03 -2.40204e+03  6.88121e+03 0 0 0 
1
1 2112 0 0 -6.95935e-02  7.77439e-02  5.55749e-02 0.939566 0  3.87060e+03 -7.37443e+03  9.91689e+03 0 0 0 
1
1 2112 0 0  2.10403e-02  6.98541e-02 -2.95870e-02 0.939566 0 -8.34370e+03 -3.76963e+03 -4.61215e+03 0 0 0 
1
1 2112 0 0 -5.40698e-02 -3.47377e-02  3.69534e-02 0.939566 0 -4.30464e+03 -6.68452e+03  9.87782e+03 0 0 0 
2
1 2112 0 0 -9.41705e-02 -3.52494e-01 -4.66523e-02 0.939566 0 -3.49284e+03 -1.53682e+03  9.92716e+03 0 0 0 
1 2112 0 0  5.95540e-02  1.04273e-01 -4.15502e-01 0.939566 0 -3.49284e+03 -1.53682e+03  9.92716e+03 0 0 0 
2
1 2112 0 0 -7.59816e-02  6.78618e-02  2.45559e-02 0.939566 0  3.21358e+03 -6.64559e+03  9.29268e+03 0 0 0 
1 2112 0 0  1.96127e-01 -2.00714e-01 -6.96782e-01 0.939566 0  3.21358e+03 -6.64559e+03  9.29268e+03 0 0 0 
2
1 2112 0 0  1.60924e-02 -3.41293e-02  9.38787e-03 0.939566 0 -7.41161e+03 -3.75764e+03  9.86915e+03 0 0 0 
1 2112 0 0 -1.80216e-02  3.85202e-02 -2.50595e-02 0.939566 0 -7.41161e+03 -3.75764e+03  9.86915e+03 0 0 0 
1
1 2112 0 0  1.50426e-02  4.44821e-02 -2.47193e-02 0.939566 0  8.47697e+03 -3.98433e+03  9.70655e+03 0 0 0 
1
1 2112 0 0  1.44700e-01  9.56980e-02 -6.60493e-02 0.939566 0 -3.36323e+03 -6.43697e+03  8.74291e+03 0 0 0 
1
1 2112 0 0  1.28229e-01  5.11989e-02 -5.23263e-02 0.939566 0 -9.89724e+03 -4.95929e+02  9.62021e+03 0 0 0 
1
1 2112 0 0  5.98751e-02  2.18308e-02 -3.34970e-02 0.939566 0 -4.58692e+03 -4.43980e+02  7.67926e+03 0 0 0 
2
1 2112 0 0 -7.51403e-03  1.22779e-01 -8.09385e-02 0.939566 0  3.28009e+03 -9.04509e+03 -6.87613e+03 0 0 0 
1 2112 0 0  7.16426e-02  1.31822e-01 -4.80555e-02 0.939566 0  3.28009e+03 -9.04509e+03 -6.87613e+03 0 0 0 
1
1 2112 0 0 -4.26399e-02  9.78390e-02 -9.37879e-02 0.939566 0  7.12998e+03 -6.98460e+03  8.74981e+03 0 0 0 
2
1 2112 0 0 -1.24884e-01 -1.73176e-01 -1.40430e-01 0.939566 0  9.83011e+03 -7.63244e+02 -5.52874e+03 0 0 0 
1 2112 0 0 -7.79766e-02 -2.15841e-02 -7.77873e-02 0.939566 0  8.88838e+03 -6.63761e+02 -7.00508e+03 0 0 0 
4
1 2112 0 0 -1.88058e-01  1.83961e-02 -2.48373e-01 0.939566 0  5.76553e+03 -2.95471e+03  9.17244e+03 0 0 0 
1 2112 0 0 -3.14757e-02  6.90625e-03 -3.07581e-02 0.939566 0  5.75885e+03 -1.86473e+03  7.43726e+03 0 0 0 
1 2112 0 0 -2.58982e-02 -3.35769e-03 -6.98155e-02 0.939566 0  5.75885e+03 -1.86473e+03  7.43726e+03 0 0 0 
1 2112 0 0  4.56722e-02  4.01501e-02 -8.26846e-02 0.939566 0  5.75885e+03 -1.86473e+03  7.43726e+03 0 0 0 
1
1 2112 0 0  7.51831e-02 -1.01789e-01  2.79562e-02 0.939566 0  1.00591e+03  6.09652e+03  9.82493e+03 0 0 0 
11
1 2112 0 0  6.87075e-02  1.76463e-01 -1.27294e-02 0.939566 0  3.80776e+03  5.81815e+03  9.32866e+03 0 0 0 
1 2112 0 0 -4.49662e-01 -4.81855e-01 -2.54261e-01 0.939566 0  3.33694e+03  4.89623e+03  8.07800e+03 0 0 0 
1 2112 0 0 -3.50281e-01 -7.53938e-01 -2.88082e-02 0.939566 0  3.12952e+03  4.14016e+03  6.95370e+03 0 0 0 
1 2112 0 0  1.70483e-01 -4.29648e-01 -1.36711e-01 0.939566 0  3.27572e+03  3.93225e+03  5.65219e+03 0 0 0 
1 2112 0 0 -5.62891e-02 -4.76393e-02 -4.61422e-02 0.939566 0  3.69765e+03  4.05896e+03  3.58561e+03 0 0 0 
1 2112 0 0  6.35943e-03 -5.84922e-02  5.81752e-02 0.939566 0  3.83370e+03  4.09087e+03  3.38816e+03 0 0 0 
1 2112 0 0 -3.60556e-02 -3.05134e-01 -2.24837e-02 0.939566 0  3.38656e+03  3.65291e+03  5.56330e+03 0 0 0 
1 2112 0 0 -7.42493e-02 -1.00752e-01 -1.10329e-01 0.939566 0  2.72043e+03  3.55699e+03  6.63880e+03 0 0 0 
1 2112 0 0 -1.73735e-01 -1.20200e-01 -3.82259e-03 0.939566 0  2.98996e+03  4.52441e+03  7.88180e+03 0 0 0 
1 2112 0 0  2.60711e-02  8.31146e-02  2.79782e-02 0.939566 0  2.98996e+03  4.52441e+03  7.88180e+03 0 0 0 
1 2112 0 0 -2.48173e-02 -2.40881e-02 -3.71381e-02 0.939566 0  2.90490e+03  4.17965e+03  7.78357e+03 0 0 0 
2
1 2112 0 0  1.45938e-02 -2.19755e-02 -2.81306e-02 0.939566 0 -4.35633e+03  2.97942e+03  9.69800e+03 0 0 0 
1 2112 0 0 -1.03097e-01 -7.02208e-02 -2.03319e-01 0.939566 0 -4.35633e+03  2.97942e+03  9.69800e+03 0 0 0 
2
1 2112 0 0 -4.03633e-02  4.67798e-02  8.43792e-02 0.939566 0  4.68807e+03 -4.02602e+03  8.86737e+03 0 0 0 
1 2112 0 0 -2.35409e-01 -1.19736e-01  8.85620e-02 0.939566 0  4.68807e+03 -4.02602e+03  8.86737e+03 0 0 0 
2
1 2112 0 0  1.62924e-01 -1.67728e-02 -2.87921e-01 0.939566 0 -8.60324e+03  3.56724e+03  8.93070e+03 0 0 0 
1 2112 0 0 -8.29607e-02 -1.02453e-01 -6.53666e-02 0.939566 0 -8.62494e+03  2.99445e+03  8.18803e+03 0 0 0 
1
1 2112 0 0 -6.67383e-02  1.97775e-01 -2.31857e-01 0.939566 0  4.08946e+03 -3.60652e+03  9.54250e+03 0 0 0 
2
1 2112 0 0  6.71219e-02  1.29673e-01 -3.13530e-02 0.939566 0 -2.26208e+03 -9.68767e+03  4.74696e+03 0 0 0 
1 2112 0 0 -6.37741e-02  1.21035e-01  8.09188e-02 0.939566 0 -2.26208e+03 -9.68767e+03  4.74696e+03 0 0 0 
6
1 2112 0 0 -8.80973e-02  1.68840e-01 -2.19522e-01 0.939566 0  5.16384e+03 -7.95058e+03  9.79196e+03 0 0 0 
1 2112 0 0  1.26228e-01  1.30756e-01  2.65240e-02 0.939566 0  5.16384e+03 -7.95058e+03  9.79196e+03 0 0 0 
1 2112 0 0 -2.57976e-02  4.97962e-02 -2.23711e-01 0.939566 0  5.16384e+03 -7.95058e+03  9.79196e+03 0 0 0 
1 2112 0 0  3.13366e-02 -2.34881e-03 -2.89822e-02 0.939566 0  5.16384e+03 -7.95058e+03  9.79196e+03 0 0 0 
1 2112 0 0  5.21545e-02 -3.79133e-02 -1.16559e-02 0.939566 0  5.16384e+03 -7.95058e+03  9.79196e+03 0 0 0 
1 2112 0 0  1.11456e-01 -1.95526e-01  2.59303e-02 0.939566 0  5.15205e+03 -7.95776e+03  9.79327e+03 0 0 0 
1
1 2112 0 0  1.75431e-02  7.87214e-03 -1.10453e-01 0.939566 0  1.36549e+03  4.28664e+03  9.88778e+03 0 0 0 
1
1 2112 0 0 -5.60898e-02  6.91177e-02 -1.45730e-03 0.939566 0 -2.44895e+03 -1.34951e+03  9.91180e+03 0 0 0 
8
1 2112 0 0 -5.87662e-02 -9.59382e-02 -7.61861e-02 0.939566 0  5.97660e+03  1.02390e+03  9.27863e+03 0 0 0 
1 2112 0 0  4.27157e-02  7.58763e-02  5.98233e-02 0.939566 0  5.95948e+03  1.00616e+03  9.24532e+03 0 0 0 
1 2112 0 0 -1.00067e-01  1.82726e-03  2.18787e-02 0.939566 0  5.71058e+03  6.00287e+02  8.91703e+03 0 0 0 
1 2112 0 0  4.33256e-02 -6.16948e-03  1.03389e-01 0.939566 0  7.45344e+03 -9.63817e+02  8.58345e+03 0 0 0 
1 2112 0 0 -2.94552e-02 -3.58616e-02 -1.65418e-01 0.939566 0  6.48659e+03 -1.23988e+03  9.96602e+03 0 0 0 
1 2112 0 0  9.69246e-02 -4.51549e-03 -4.31904e-02 0.939566 0  6.48659e+03 -1.23988e+03  9.96602e+03 0 0 0 
1 2112 0 0  1.23901e-02 -5.20729e-03  1.06419e-02 0.939566 0  6.48659e+03 -1.23988e+03  9.96602e+03 0 0 0 
1 2112 0 0  4.40695e-02 -2.57279e-01  6.95923e-02 0.939566 0  6.48659e+03 -1.23988e+03  9.96602e+03 0 0 0 
1
1 2112 0 0  1.26524e-02 -9.59030e-03 -5.56564e-02 0.939566 0  7.17778e+03 -4.39078e+03  7.24141e+03 0 0 0 
1
1 2112 0 0 -3.16446e-02 -1.23625e-02 -1.03324e-01 0.939566 0  5.60206e+03 -3.45796e+03  9.90943e+03 0 0 0 
1
1 2112 0 0  1.43897e-01  1.26857e-02 -2.37383e-01 0.939566 0  6.20756e+03  2.88508e+03  9.37169e+03 0 0 0 
4
1 2112 0 0  8.86248e-03 -1.50494e-01 -1.08864e-01 0.939566 0  5.55189e+03  2.40685e+03  9.72177e+03 0 0 0 
1 2112 0 0 -1.25695e-01  1.31979e-02 -8.86858e-03 0.939566 0  5.59649e+03  2.43105e+03  9.37288e+03 0 0 0 
1 2112 0 0  9.39688e-02 -1.91102e-01 -1.74487e-01 0.939566 0  5.97671e+03  2.47358e+03  8.81304e+03 0 0 0 
1 2112 0 0 -6.69632e-02 -1.00483e-01 -1.23053e-01 0.939566 0  6.07352e+03  2.34259e+03  8.63767e+03 0 0 0 
2
1 2112 0 0 -1.06898e-02 -6.42064e-02 -4.86265e-02 0.939566 0  6.00024e+03 -9.30778e+02  9.24952e+03 0 0 0 
1 2112 0 0 -6.35025e-02 -3.44005e-02 -2.46510e-01 0.939566 0  6.00024e+03 -9.30778e+02  9.24952e+03 0 0 0 
1
1 2112 0 0 -8.48141e-02  1.05013e-02 -1.78207e-01 0.939566 0  5.38795e+03  4.50216e+03  9.91048e+03 0 0 0 
5
1 2112 0 0 -5.40319e-02 -3.79291e-01 -1.91573e-01 0.939566 0 -2.58378e+03  4.85058e+03  9.07039e+03 0 0 0 
1 2112 0 0 -1.02396e-01  2.70707e-02 -5.69370e-02 0.939566 0 -2.58378e+03  4.85058e+03  9.07039e+03 0 0 0 
1 2112 0 0 -3.58995e-02 -1.14319e-01 -9.72078e-02 0.939566 0 -3.01588e+03  3.82222e+03  8.37493e+03 0 0 0 
1 2112 0 0  2.81487e-02  2.37689e-02  7.13228e-03 0.939566 0 -2.37620e+03  5.45359e+03  8.41315e+03 0 0 0 
1 2112 0 0  2.77458e-01  6.82963e-02 -1.20713e-01 0.939566 0 -2.37620e+03  5.45359e+03  8.41315e+03 0 0 0 
1
1 2112 0 0  2.78633e-02  7.10685e-03  9.45098e-03 0.939566 0 -1.50186e+03  6.74337e+03  9.82212e+03 0 0 0 
1
1 2112 0 0  1.07217e-01  1.17042e-01 -2.10932e-02 0.939566 0  1.32839e+02 -9.06864e+03 -3.28550e+02 0 0 0 
1
1 2112 0 0  6.10483e-02  1.47774e-01  2.50818e-02 0.939566 0 -2.44517e+03 -9.51704e+03  8.74090e+03 0 0 0 
1
1 2112 0 0  1.30353e-02 -8.34190e-02 -3.27877e-02 0.939566 0 -1.24650e+03  5.88076e+03  9.81119e+03 0 0 0 
2
1 2112 0 0  7.60711e-02 -2.58574e-02 -8.34203e-02 0.939566 0 -8.33706e+03 -1.54337e+03  9.74422e+03 0 0 0 
1 2112 0 0 -1.14546e-01  1.17265e-01  2.52711e-02 0.939566 0 -8.33706e+03 -1.54337e+03  9.74422e+03 0 0 0 
1
1 2112 0 0  2.17859e-02  2.93589e-02  1.69267e-02 0.939566 0 -4.17744e+03  9.05098e+03  7.17578e+03 0 0 0 
1
1 2112 0 0 -4.06108e-02 -2.54540e-02 -3.86413e-02 0.939566 0 -5.60578e+03  5.24276e+03  9.25707e+03 0 0 0 
4
1 2112 0 0 -1.60211e-01 -1.48459e-02  1.55059e-02 0.939566 0 -5.34732e+03 -6.98763e+02  9.95213e+03 0 0 0 
1 2112 0 0 -5.36465e-02  2.27556e-01 -2.05051e-01 0.939566 0 -5.32016e+03  8.75271e+02  8.42232e+03 0 0 0 
1 2112 0 0 -1.12045e-02  5.02503e-02 -9.60691e-02 0.939566 0 -4.43727e+03  1.91849e+03  7.35130e+03 0 0 0 
1 2112 0 0  2.37460e-01 -5.33832e-02 -9.94269e-02 0.939566 0 -4.43727e+03  1.91849e+03  7.35130e+03 0 0 0 
1
1 2112 0 0  4.91653e-02 -2.30846e-02 -1.68405e-01 0.939566 0  1.33751e+03 -6.34220e+03  9.93829e+03 0 0 0 
1
1 2112 0 0  1.11125e-01 -2.10116e-01 -5.74377e-02 0.939566 0  5.79670e+03 -1.21305e+03  9.55827e+03 0 0 0 
1
1 2112 0 0 -1.98667e-02  8.76360e-02 -5.16816e-02 0.939566 0 -3.58803e+03 -9.31191e+02  9.83009e+03 0 0 0 
1
1 2112 0 0 -1.03201e-01 -6.86309e-02 -1.52888e-01 0.939566 0 -9.27051e+03 -2.95356e+03  9.58846e+03 0 0 0 
1
1 2112 0 0  5.25975e-02 -1.76435e-01 -4.74882e-02 0.939566 0 -4.42322e+03  8.76583e+03 -4.41535e+03 0 0 0 
1
1 2112 0 0  2.49335e-02 -1.65984e-01  4.23164e-02 0.939566 0 -4.91487e+03 -5.05850e+03  9.61647e+03 0 0 0 
1
1 2112 0 0  6.44168e-02  2.54268e-04 -2.52383e-02 0.939566 0  8.97485e+03 -2.67050e+03  9.02387e+03 0 0 0 
2
1 2112 0 0  1.02813e-01  1.39535e-01  9.05515e-02 0.939566 0 -7.46547e+03  3.17385e+02  8.93580e+03 0 0 0 
1 2112 0 0 -3.67472e-02 -2.57966e-02  2.10669e-02 0.939566 0 -7.66460e+03  5.20636e+02  8.59387e+03 0 0 0 
3
1 2112 0 0 -1.09769e-01 -4.89169e-02 -8.32716e-02 0.939566 0  5.75867e+03 -5.20609e+02  9.81150e+03 0 0 0 
1 2112 0 0 -2.45473e-02  3.70649e-02  1.46649e-02 0.939566 0  5.75867e+03 -5.20609e+02  9.81150e+03 0 0 0 
1 2112 0 0  1.10399e-01 -1.35131e-01 -6.69952e-02 0.939566 0  5.75867e+03 -5.20609e+02  9.81150e+03 0 0 0 
1
1 2112 0 0 -8.03539e-02 -2.14036e-02 -1.32000e-02 0.939566 0  4.40330e+03  2.15471e+03  9.98119e+03 0 0 0 
1
1 2112 0 0  2.45032e-02  6.90278e-02 -1.55643e-01 0.939566 0  7.96044e+03 -5.70885e+03  9.54183e+03 0 0 0 
1
1 2112 0 0 -2.49573e-02 -1.34387e-01 -9.84192e-02 0.939566 0  5.62009e+03 -6.69777e+03  9.40158e+03 0 0 0 
1
1 2112 0 0 -4.70284e-02  5.61989e-02  3.02147e-02 0.939566 0  9.71031e+03  2.19361e+03  5.44751e+03 0 0 0 
2
1 2112 0 0 -1.26959e-03  7.54709e-03 -2.57551e-02 0.939566 0 -7.84268e+03  5.50993e+03  6.09455e+03 0 0 0 
1 2112 0 0 -3.02530e-02  7.68306e-02 -1.60421e-01 0.939566 0 -7.86874e+03  5.53880e+03  6.00644e+03 0 0 0 
1
1 2112 0 0 -4.64258e-02  2.21100e-03 -1.61620e-01 0.939566 0  3.81172e+03 -3.38526e+03  9.13443e+03 0 0 0 
2
1 2112 0 0  4.62856e-03 -3.31359e-03 -6.48643e-02 0.939566 0  2.79707e+03 -5.86940e+03  9.44470e+03 0 0 0 
1 2112 0 0 -1.49502e-01  7.96512e-02  3.45305e-02 0.939566 0  2.79707e+03 -5.86940e+03  9.44470e+03 0 0 0 
2
1 2112 0 0  1.86343e-02  3.94580e-02 -2.54482e-02 0.939566 0  2.72923e+03 -3.70964e+03  7.59436e+03 0 0 0 
1 2112 0 0  4.49477e-03  3.24812e-02 -6.90461e-02 0.939566 0  2.72923e+03 -3.70964e+03  7.59436e+03 0 0 0 
1
1 2112 0 0 -6.98851e-02  1.46688e-01 -1.12694e-02 0.939566 0 -3.82364e+03  8.94307e+03  9.52690e+03 0 0 0 
1
1 2112 0 0 -2.04109e-02  1.44745e-01 -7.07349e-02 0.939566 0 -5.79919e+03 -4.19696e+03  9.82877e+03 0 0 0 
4
1 2112 0 0  7.14140e-02 -2.29527e-02 -2.43572e-01 0.939566 0 -3.27930e+03  2.28789e+03  9.54853e+03 0 0 0 
1 2112 0 0 -4.98249e-02 -8.07152e-02  1.10822e-01 0.939566 0 -4.41166e+03  1.60291e+03  9.89237e+03 0 0 0 
1 2112 0 0  6.33461e-03  8.20843e-02 -6.93079e-02 0.939566 0 -4.41166e+03  1.60291e+03  9.89237e+03 0 0 0 
1 2112 0 0 -7.69412e-02  7.80703e-02  1.85095e-01 0.939566 0 -4.41166e+03  1.60291e+03  9.89237e+03 0 0 0 
1
1 2112 0 0  7.58993e-02 -5.82956e-02  1.59598e-02 0.939566 0 -9.80984e+03  1.40034e+02  8.98417e+03 0 0 0 
1
1 2112 0 0 -9.19068e-03 -1.04736e-01 -7.20431e-02 0.939566 0  3.77636e+03  8.12720e+03  9.75417e+03 0 0 0 
2
1 2112 0 0  6.94638e-02 -2.61011e-02  7.18571e-04 0.939566 0  3.88790e+03 -6.03944e+03  9.75410e+03 0 0 0 
1 2112 0 0  2.85072e-02  1.09171e-01 -2.76033e-02 0.939566 0  3.88790e+03 -6.03944e+03  9.75410e+03 0 0 0 
1
1 2112 0 0 -1.05183e-02  1.42282e-01  6.57296e-02 0.939566 0 -2.40739e+03 -9.66559e+03 -8.54081e+02 0 0 0 
1
1 2112 0 0  1.07015e-01  4.56670e-02  7.28416e-02 0.939566 0  6.86840e+02 -7.19779e+03  9.81121e+03 0 0 0 
3
1 2112 0 0 -1.23378e-01 -2.26199e-01 -1.29268e-01 0.939566 0  5.27612e+03  5.32133e+03  9.77575e+03 0 0 0 
1 2112 0 0  3.05559e-02  2.04627e-01 -5.03454e-02 0.939566 0  7.16332e+03  6.54434e+03  8.85589e+03 0 0 0 
1 2112 0 0 -7.85038e-02  1.66681e-02 -1.00781e-01 0.939566 0  7.18598e+03  6.69607e+03  8.81856e+03 0 0 0 
1
1 2112 0 0 -7.57313e-02 -7.29356e-02 -9.25122e-02 0.939566 0 -8.16353e+03  2.82354e+02  9.24204e+03 0 0 0 
1
1 2112 0 0 -1.07395e-01  6.43759e-02 -5.57610e-02 0.939566 0 -6.32703e+03 -3.11197e+03  9.64530e+03 0 0 0 
1
1 2112 0 0  2.24770e-01 -8.59878e-02 -1.31023e-01 0.939566 0 -5.40177e+03  4.11862e+03  7.43213e+03 0 0 0 
1
1 2112 0 0 -7.80527e-02  4.12432e-02 -1.29113e-01 0.939566 0 -8.38753e+03 -5.29946e+03 -4.15034e+03 0 0 0 
2
1 2112 0 0  1.17954e-01  4.61116e-02 -3.44436e-02 0.939566 0  6.55472e+03  5.99464e+03  9.91097e+03 0 0 0 
1 2112 0 0  5.06147e-02  3.29964e-02 -1.78118e-02 0.939566 0  7.13908e+03  6.70115e+03  8.92268e+03 0 0 0 
2
1 2112 0 0 -1.37718e-02  1.17776e-01 -6.83006e-02 0.939566 0 -2.70221e+03  9.57714e+03  9.86758e+03 0 0 0 
1 2112 0 0 -3.90768e-02  8.05923e-02 -1.07622e-01 0.939566 0 -2.70221e+03  9.57714e+03  9.86758e+03 0 0 0 
1
1 2112 0 0  6.64275e-02  1.48062e-01 -2.14616e-01 0.939566 0  3.99105e+03 -3.09048e+03  9.90741e+03 0 0 0 
1
1 2112 0 0  1.03087e-02  1.00243e-01 -3.25908e-02 0.939566 0 -5.15451e+03 -1.28552e+03  9.39666e+03 0 0 0 
1
1 2112 0 0  1.03087e-02  1.00243e-01 -3.25908e-02 0.939566 0 -5.15451e+03 -1.28552e+03  9.39666e+03 0 0 0 
1
1 2112 0 0 -1.93185e-01 -9.63276e-02 -2.91490e-01 0.939566 0  3.23672e+03  9.43841e+03 -6.48783e+03 0 0 0 
1
1 2112 0 0  5.26074e-03 -3.26944e-02 -6.28533e-03 0.939566 0 -4.22128e+03 -9.03753e+03 -6.37650e+03 0 0 0 
1
1 2112 0 0 -7.82746e-02 -6.35655e-02 -3.61075e-02 0.939566 0  6.52173e+03 -7.39084e+03  4.67370e+03 0 0 0 
2
1 2112 0 0 -5.15072e-02 -3.63880e-02 -7.31091e-02 0.939566 0  7.88777e+03 -1.84261e+03  9.77720e+03 0 0 0 
1 2112 0 0  3.03792e-02  7.94048e-02 -1.96353e-02 0.939566 0  7.92312e+03 -1.78414e+03  9.79341e+03 0 0 0 
3
1 2112 0 0 -5.81740e-02 -1.14088e-01 -3.91021e-02 0.939566 0 -4.51895e+03  8.89817e+03 -1.92289e+03 0 0 0 
1 2112 0 0 -4.97475e-03 -1.21018e-01 -7.91681e-02 0.939566 0 -4.48853e+03  8.81459e+03 -1.99694e+03 0 0 0 
1 2112 0 0 -2.02520e-01 -2.50784e-02  1.81176e-01 0.939566 0 -4.48853e+03  8.81459e+03 -1.99694e+03 0 0 0 
2
1 2112 0 0  1.52528e-02  1.70647e-02 -4.43211e-03 0.939566 0  1.18845e+03  7.57842e+03  9.38583e+03 0 0 0 
1 2112 0 0  3.30717e-02  2.15007e-02 -3.14192e-02 0.939566 0  1.18845e+03  7.57842e+03  9.38583e+03 0 0 0 
2
1 2112 0 0  5.21744e-02 -1.16985e-02 -8.03465e-02 0.939566 0  2.22574e+02  7.49366e+03  9.71671e+03 0 0 0 
1 2112 0 0 -1.17337e-01 -8.55379e-03  2.03288e-02 0.939566 0  2.22574e+02  7.49366e+03  9.71671e+03 0 0 0 
1
1 2112 0 0 -4.28394e-02  1.61034e-01 -1.41843e-01 0.939566 0  7.79442e+03 -5.95020e+03  3.89198e+03 0 0 0 
5
1 2112 0 0  1.74853e-01  3.93291e-01 -4.29820e-01 0.939566 0 -8.20704e+03  2.17423e+03  8.08490e+03 0 0 0 
1 2112 0 0 -1.38016e-02  3.00527e-02  1.10473e-02 0.939566 0 -6.07850e+03  5.63094e+03  5.08765e+03 0 0 0 
1 2112 0 0  2.95321e-02  6.02050e-02  4.37615e-02 0.939566 0 -8.32984e+03  1.83012e+03  7.40185e+03 0 0 0 
1 2112 0 0 -2.11475e-01  5.11854e-02 -8.94514e-02 0.939566 0 -9.27284e+03  1.70408e+03  5.85422e+03 0 0 0 
1 2112 0 0 -4.64874e-03  8.20891e-02 -1.54247e-02 0.939566 0 -9.39537e+03  1.60816e+03  5.75290e+03 0 0 0 
2
1 2112 0 0 -2.27480e-03 -5.85546e-02 -4.58316e-03 0.939566 0 -8.69935e+03  1.95036e+03  9.96310e+03 0 0 0 
1 2112 0 0  1.38894e-01  1.73554e-02 -6.97203e-02 0.939566 0 -8.69935e+03  1.95036e+03  9.96310e+03 0 0 0 
1
1 2112 0 0 -1.62579e-01 -3.48475e-02 -6.57159e-02 0.939566 0  8.29769e+02 -5.12347e+03  9.57139e+03 0 0 0 
1
1 2112 0 0  1.30137e-02  1.67973e-02  5.59668e-02 0.939566 0  2.70207e+03  4.93308e+03  9.97028e+03 0 0 0 
2
1 2112 0 0  1.42629e-01 -1.15412e-01 -1.75216e-01 0.939566 0 -5.74680e+03 -7.10019e+03  9.88110e+03 0 0 0 
1 2112 0 0 -1.02268e-01 -6.79329e-02 -6.41614e-02 0.939566 0 -5.78787e+03 -7.08627e+03  9.70564e+03 0 0 0 
1
1 2112 0 0  1.51571e-02 -1.12919e-01  5.11768e-02 0.939566 0  2.27584e+03  4.98065e+03 -9.97749e+03 0 0 0 
2
1 2112 0 0 -1.48660e-01 -4.16818e-02  1.22334e-01 0.939566 0 -2.32316e+03 -8.50433e+03  9.85525e+03 0 0 0 
1 2112 0 0  7.26528e-02 -3.96471e-02 -1.93776e-01 0.939566 0 -2.32316e+03 -8.50433e+03  9.85525e+03 0 0 0 
2
1 2112 0 0 -5.32431e-02 -7.54102e-02 -4.42638e-02 0.939566 0  9.49960e+03 -3.03004e+03  8.91098e+03 0 0 0 
1 2112 0 0  2.68928e-01 -4.92790e-02 -2.59500e-01 0.939566 0  9.49960e+03 -3.03004e+03  8.91098e+03 0 0 0 
1
1 2112 0 0 -6.83974e-02  3.18155e-03 -3.24927e-02 0.939566 0  2.43530e+03 -8.95440e+03 -8.88787e+03 0 0 0 
1
1 2112 0 0 -9.73729e-02 -1.49469e-02 -1.33339e-01 0.939566 0 -5.35915e+03 -7.45582e+03  9.60505e+03 0 0 0 
4
1 2112 0 0 -8.58288e-02 -1.73776e-01 -6.97490e-02 0.939566 0  3.20410e+03 -9.40809e+03  8.70525e+03 0 0 0 
1 2112 0 0 -1.35418e-02  6.97229e-02 -1.11257e-01 0.939566 0  3.27970e+03 -9.34707e+03  8.57899e+03 0 0 0 
1 2112 0 0  1.11421e-01  6.28669e-02 -8.13155e-03 0.939566 0  3.52062e+03 -9.32711e+03  8.24869e+03 0 0 0 
1 2112 0 0  3.67229e-03 -2.37686e-02 -1.43483e-01 0.939566 0  3.44691e+03 -9.06216e+03  8.41658e+03 0 0 0 
1
1 2112 0 0 -2.04961e-02  5.24400e-02 -3.19086e-02 0.939566 0  2.29284e+03  9.57868e+03  6.09009e+03 0 0 0 
1
1 2112 0 0 -1.11733e-01  3.14543e-02 -6.71024e-02 0.939566 0  6.66335e+03 -1.72033e+03  9.94386e+03 0 0 0 
6
1 2112 0 0  7.50219e-02 -2.61076e-02 -8.18751e-02 0.939566 0 -3.86135e+03  8.16552e+03  8.70348e+03 0 0 0 
1 2112 0 0  2.11861e-02 -6.78665e-03  4.60975e-02 0.939566 0 -3.86135e+03  8.16552e+03  8.70348e+03 0 0 0 
1 2112 0 0  4.15920e-01 -1.43358e-01  7.32753e-02 0.939566 0 -3.81867e+03  8.04249e+03  8.55497e+03 0 0 0 
1 2112 0 0 -1.26716e-02 -7.83320e-03 -1.43247e-01 0.939566 0 -3.81867e+03  8.04249e+03  8.55497e+03 0 0 0 
1 2112 0 0  6.63176e-02  9.84916e-02 -2.84907e-02 0.939566 0 -1.81294e+03  8.38723e+03  5.85472e+03 0 0 0 
1 2112 0 0 -6.29611e-02 -5.51428e-02  5.14676e-02 0.939566 0 -1.60881e+03  8.56316e+03  5.88561e+03 0 0 0 
2
1 2112 0 0  2.09167e-02  1.03872e-01 -1.05055e-01 0.939566 0  2.14656e+03 -9.33310e+03  9.69899e+03 0 0 0 
1 2112 0 0 -9.77218e-02 -1.57515e-01 -5.10105e-01 0.939566 0  2.14656e+03 -9.33310e+03  9.69899e+03 0 0 0 
