2
1 2112 0 0  1.10020e-02 -3.11907e-02 -4.38375e-02 0.939566 0  4.17773e+03 -4.06662e+03  4.79521e+03 0 0 0 
1 2112 0 0  4.18973e-02  3.27292e-02 -1.60123e-02 0.939566 0  4.17773e+03 -4.06662e+03  4.79521e+03 0 0 0 
2
1 2112 0 0  1.29511e-02  7.06021e-02 -8.99197e-02 0.939566 0 -3.62469e+03 -4.15967e+03  3.76217e+03 0 0 0 
1 2112 0 0  3.46619e-02  7.46708e-02  5.91057e-02 0.939566 0 -3.41721e+03 -4.03867e+03  3.46451e+03 0 0 0 
5
1 2112 0 0 -2.39302e-01 -2.14497e-01 -4.24609e-01 0.939566 0 -4.46168e+03  5.34057e+03  7.17205e+03 0 0 0 
1 2112 0 0  2.41641e-01  2.67002e-01 -6.48399e-02 0.939566 0 -4.46168e+03  5.34057e+03  7.17205e+03 0 0 0 
1 2112 0 0  6.46396e-02  9.98253e-02  2.01724e-01 0.939566 0 -4.46168e+03  5.34057e+03  7.17205e+03 0 0 0 
1 2112 0 0  2.33939e-02 -1.92023e-02  3.76557e-03 0.939566 0 -3.91069e+03  5.89700e+03  7.11376e+03 0 0 0 
1 2112 0 0 -1.46316e-02 -1.01253e-01 -1.65402e-01 0.939566 0 -2.84945e+03  5.31830e+03  4.62608e+03 0 0 0 
1
1 2112 0 0  1.30572e-02 -1.10434e-01  1.88331e-02 0.939566 0  1.85866e+03 -4.02755e+03  7.47534e+03 0 0 0 
1
1 2112 0 0 -2.02105e-01  1.01652e-01 -1.28120e-01 0.939566 0 -3.91227e+03 -4.64690e+03  6.96774e+03 0 0 0 
1
1 2112 0 0 -1.63233e-01 -1.18098e-01  3.17077e-02 0.939566 0  4.93526e+02  1.68497e+03  6.83247e+03 0 0 0 
1
1 2112 0 0 -7.07030e-02 -6.49855e-02 -2.38997e-02 0.939566 0 -4.46473e+03 -5.82087e+03  1.70857e+03 0 0 0 
1
1 2112 0 0  2.11176e-02  1.19916e-01 -2.37517e-01 0.939566 0 -7.08750e+03 -1.83495e+03 -5.29519e+03 0 0 0 
9
1 2112 0 0 -5.92320e-02  4.47417e-02  4.87283e-03 0.939566 0  1.90905e+03  6.09478e+03  7.00572e+03 0 0 0 
1 2112 0 0  6.21483e-01  5.10773e-01 -3.73354e-01 0.939566 0  2.36329e+03  6.58185e+03  6.40579e+03 0 0 0 
1 2112 0 0  8.08071e-02  5.86067e-02 -2.96147e-02 0.939566 0  1.92031e+03  6.09082e+03  7.01665e+03 0 0 0 
1 2112 0 0 -2.36679e-02  1.90105e-02 -1.15804e-01 0.939566 0  1.92031e+03  6.09082e+03  7.01665e+03 0 0 0 
1 2112 0 0  8.28223e-02 -3.47658e-02 -4.71001e-01 0.939566 0  2.19141e+03  6.20801e+03  5.88773e+03 0 0 0 
1 2112 0 0 -2.28540e-01  2.36517e-01  5.04710e-02 0.939566 0  2.19141e+03  6.20801e+03  5.88773e+03 0 0 0 
1 2112 0 0  1.11053e-01 -1.28312e-01  7.19457e-02 0.939566 0  2.19141e+03  6.20801e+03  5.88773e+03 0 0 0 
1 2112 0 0  1.68678e-01 -1.28175e-01  9.91912e-03 0.939566 0  2.19141e+03  6.20801e+03  5.88773e+03 0 0 0 
1 2112 0 0 -1.22364e-02 -4.40805e-02 -6.89376e-02 0.939566 0  2.32822e+03  6.11953e+03  5.08224e+03 0 0 0 
6
1 2112 0 0 -3.39063e-01  8.26590e-02 -2.13310e-02 0.939566 0  4.73169e+03  5.10112e+03  5.46738e+03 0 0 0 
1 2112 0 0 -1.21891e-01  4.99484e-01 -4.58217e-01 0.939566 0  3.81029e+03  6.09252e+03  7.35731e+03 0 0 0 
1 2112 0 0 -2.68761e-02 -1.78567e-02  2.11976e-02 0.939566 0  3.83877e+03  6.13311e+03  7.35194e+03 0 0 0 
1 2112 0 0  1.63586e-01  1.83447e-01 -7.10466e-02 0.939566 0  3.95690e+03  6.13998e+03  7.32323e+03 0 0 0 
1 2112 0 0  4.03446e-02 -3.49779e-03 -2.57508e-03 0.939566 0  3.95690e+03  6.13998e+03  7.32323e+03 0 0 0 
1 2112 0 0 -2.23893e-01  8.71697e-02  1.11332e-02 0.939566 0  4.03291e+03  5.06520e+03  5.44847e+03 0 0 0 
3
1 2112 0 0  4.41686e-01 -1.14770e-01 -1.69401e-01 0.939566 0  4.07623e+03  2.03018e+03  7.34872e+03 0 0 0 
1 2112 0 0 -5.49889e-02 -4.16580e-02  1.50197e-01 0.939566 0  2.97715e+03  1.90295e+03  5.79618e+03 0 0 0 
1 2112 0 0  8.53405e-03  7.40830e-02  9.87149e-02 0.939566 0  4.79825e+03  1.96570e+03  6.82473e+03 0 0 0 
1
1 2112 0 0  3.85437e-02 -1.17694e-01 -1.37433e-01 0.939566 0  2.44660e+03  1.01376e+03  7.41742e+03 0 0 0 
1
1 2112 0 0  1.57648e-02  1.89384e-01 -1.19423e-01 0.939566 0  2.71567e+03  2.49022e+03  7.36683e+03 0 0 0 
1
1 2112 0 0 -5.84586e-03 -1.61263e-02 -4.72912e-02 0.939566 0 -2.80885e+03  2.98780e+03  7.16421e+03 0 0 0 
2
1 2112 0 0  6.12832e-02  1.66927e-01 -3.13918e-01 0.939566 0 -7.23872e+03 -1.84087e+03  6.91489e+03 0 0 0 
1 2112 0 0 -9.05902e-02  4.58525e-02 -1.23472e-01 0.939566 0 -7.23836e+03 -1.81938e+03  6.86938e+03 0 0 0 
2
1 2112 0 0  2.29337e-02  9.80497e-02  8.63865e-02 0.939566 0 -3.10267e+02  4.14398e+03  7.31565e+03 0 0 0 
1 2112 0 0 -1.95349e-01 -1.62377e-01 -2.53957e-01 0.939566 0 -3.10267e+02  4.14398e+03  7.31565e+03 0 0 0 
2
1 2112 0 0 -7.39331e-02  9.19409e-02  1.81212e-02 0.939566 0 -6.01254e+03  3.16533e+03  4.39787e+03 0 0 0 
1 2112 0 0 -1.08856e-01  6.68812e-02 -5.14583e-01 0.939566 0 -6.01254e+03  3.16533e+03  4.39787e+03 0 0 0 
3
1 2112 0 0 -1.95097e-02 -3.97429e-02 -6.72459e-03 0.939566 0 -4.56693e+03  4.15771e+03  2.87055e+03 0 0 0 
1 2112 0 0  1.67098e-02 -3.84928e-03 -6.06535e-02 0.939566 0 -4.56693e+03  4.15771e+03  2.87055e+03 0 0 0 
1 2112 0 0 -2.50122e-02  1.33474e-02  1.59573e-02 0.939566 0 -4.75895e+03  4.04009e+03  2.82447e+03 0 0 0 
2
1 2112 0 0 -2.70416e-02  7.42750e-02  6.18346e-02 0.939566 0 -7.29431e+03 -1.32167e+03  5.76687e+03 0 0 0 
1 2112 0 0 -1.97206e-02  2.01755e-01 -2.15580e-01 0.939566 0 -7.29431e+03 -1.32167e+03  5.76687e+03 0 0 0 
1
1 2112 0 0  9.44977e-02 -3.22367e-02 -9.88495e-03 0.939566 0 -3.66739e+03  4.52201e+03  6.84660e+03 0 0 0 
1
1 2112 0 0  6.05671e-02  1.48449e-01 -1.20720e-01 0.939566 0 -4.77042e+03 -5.48647e+02  7.42310e+03 0 0 0 
1
1 2112 0 0 -6.91224e-02  3.90924e-03 -2.48590e-02 0.939566 0 -6.07833e+03 -6.92776e+02  7.31398e+03 0 0 0 
3
1 2112 0 0 -6.98255e-03  9.06044e-03 -4.69333e-02 0.939566 0 -3.17608e+03  3.68052e+03  7.35738e+03 0 0 0 
1 2112 0 0 -1.51661e-02  2.32963e-02 -1.10162e-02 0.939566 0 -3.17608e+03  3.68052e+03  7.35738e+03 0 0 0 
1 2112 0 0  5.89327e-02 -3.30181e-02 -3.43095e-02 0.939566 0 -3.17608e+03  3.68052e+03  7.35738e+03 0 0 0 
1
1 2112 0 0  6.80485e-02 -8.18957e-02 -1.29692e-01 0.939566 0  5.22730e+03 -1.73337e+03  6.72644e+03 0 0 0 
2
1 2112 0 0 -3.53360e-02 -9.22462e-02 -9.68902e-03 0.939566 0  5.01207e+03  1.41256e+03  6.49045e+03 0 0 0 
1 2112 0 0 -3.02277e-01  1.23077e-01 -1.39002e-01 0.939566 0  5.01207e+03  1.41256e+03  6.49045e+03 0 0 0 
1
1 2112 0 0 -1.58427e-01  7.11551e-02 -1.52892e-01 0.939566 0 -6.00211e+03 -8.53406e+02  7.28087e+03 0 0 0 
2
1 2112 0 0 -4.38294e-02  5.78682e-02 -1.85882e-01 0.939566 0 -3.77721e+03  5.12203e+03  7.18117e+03 0 0 0 
1 2112 0 0 -3.63805e-02 -5.87305e-02 -3.05384e-02 0.939566 0 -3.86232e+03  4.22020e+03  6.48019e+03 0 0 0 
1
1 2112 0 0  1.08900e-01  5.48007e-02 -3.96143e-02 0.939566 0  6.54562e+01 -7.46676e+03  2.37380e+03 0 0 0 
2
1 2112 0 0 -4.42297e-02 -5.32571e-02  1.18936e-02 0.939566 0 -7.76039e+02 -3.13452e+03  7.18869e+03 0 0 0 
1 2112 0 0  7.66533e-02 -4.85879e-02 -1.83165e-01 0.939566 0 -6.55053e+02 -3.08902e+03  7.08575e+03 0 0 0 
1
1 2112 0 0  2.49062e-03  1.72009e-01 -2.76719e-02 0.939566 0  2.09726e+03 -2.48499e+03  7.36099e+03 0 0 0 
1
1 2112 0 0 -8.81388e-02  1.03986e-02 -2.78741e-02 0.939566 0  7.45365e+02  1.16713e+03  7.45872e+03 0 0 0 
2
1 2112 0 0  5.79252e-02  1.43869e-01  8.27232e-02 0.939566 0  2.08739e+03  5.01354e+03  7.42964e+03 0 0 0 
1 2112 0 0  5.06252e-02 -8.81270e-03 -2.82841e-02 0.939566 0  2.19440e+03  4.95809e+03  7.30656e+03 0 0 0 
3
1 2112 0 0 -1.80314e-01  1.26923e-01 -5.22936e-02 0.939566 0  7.13247e+03 -2.01917e+03  5.29196e+03 0 0 0 
1 2112 0 0 -3.29359e-02 -1.49935e-01 -9.75697e-02 0.939566 0  7.17866e+03 -2.09631e+03  5.37192e+03 0 0 0 
1 2112 0 0  2.58745e-01  1.23955e-01 -7.09223e-01 0.939566 0  7.13247e+03 -2.01917e+03  5.29196e+03 0 0 0 
2
1 2112 0 0 -8.91924e-02 -3.50357e-02  2.60591e-02 0.939566 0 -1.85270e+03 -1.72447e+03  5.77789e+03 0 0 0 
1 2112 0 0 -5.56618e-02 -1.17103e-01 -1.04512e-01 0.939566 0 -1.85270e+03 -1.72447e+03  5.77789e+03 0 0 0 
2
1 2112 0 0  4.92040e-02  9.28860e-02  1.56003e-03 0.939566 0  6.76247e+03  2.50760e+03 -6.17586e+03 0 0 0 
1 2112 0 0 -9.65146e-02  5.58587e-02 -1.61144e-01 0.939566 0  6.76247e+03  2.50760e+03 -6.17586e+03 0 0 0 
1
1 2112 0 0 -6.00618e-02 -1.85536e-01 -3.00089e-01 0.939566 0  2.91839e+03  1.08587e+03  6.76648e+03 0 0 0 
2
1 2112 0 0  8.15471e-03  1.85202e-02 -9.84018e-02 0.939566 0 -3.70950e+03  5.41086e+03  6.93530e+03 0 0 0 
1 2112 0 0 -8.69467e-02  2.04783e-01 -4.83227e-01 0.939566 0 -3.70950e+03  5.41086e+03  6.93530e+03 0 0 0 
1
1 2112 0 0 -5.03474e-02  2.31963e-01 -2.16639e-01 0.939566 0 -4.92243e+03  4.35763e+03  6.26834e+03 0 0 0 
4
1 2112 0 0  3.65106e-02 -7.40244e-02 -5.06779e-02 0.939566 0 -3.33509e+03 -2.72171e+03  6.93053e+03 0 0 0 
1 2112 0 0 -2.25914e-01  1.96901e-01  1.39134e-02 0.939566 0 -3.33509e+03 -2.72171e+03  6.93053e+03 0 0 0 
1 2112 0 0 -1.41929e-01 -2.57504e-02 -1.87098e-02 0.939566 0 -3.33509e+03 -2.72171e+03  6.93053e+03 0 0 0 
1 2112 0 0 -2.36747e-02  1.02544e-01 -1.29093e-01 0.939566 0 -3.49486e+03 -2.47908e+03  6.53973e+03 0 0 0 
