1
1 2112 0 0  1.45746e-01 -3.34648e-02 -2.17139e-01 0.939566 0  1.40932e+03  2.46583e+02  6.50915e+03 0 0 0 
1
1 2112 0 0  9.94719e-02 -8.94851e-02 -3.43202e-01 0.939566 0  9.23738e+02  5.60526e+03 -5.71800e+03 0 0 0 
1
1 2112 0 0 -2.79101e-02  1.05395e-01 -6.76217e-02 0.939566 0  4.40458e+02  6.09443e+03  5.74261e+03 0 0 0 
2
1 2112 0 0  2.77839e-02 -5.17623e-02  4.25980e-02 0.939566 0 -2.24779e+03  4.38549e+03  4.12328e+03 0 0 0 
1 2112 0 0 -4.64256e-03 -1.70002e-03 -1.51986e-01 0.939566 0 -2.24779e+03  4.38549e+03  4.12328e+03 0 0 0 
1
1 2112 0 0 -4.51862e-02  2.70686e-02 -5.78163e-02 0.939566 0 -1.87610e+03 -3.35236e+03  6.52275e+03 0 0 0 
1
1 2112 0 0  1.26433e-01  3.03019e-02 -1.13497e-01 0.939566 0 -2.42663e+03  3.55358e+03  6.70067e+03 0 0 0 
5
1 2112 0 0  1.09075e-01 -4.04686e-02 -4.53430e-02 0.939566 0 -4.30831e+03  5.16879e+03  5.53831e+03 0 0 0 
1 2112 0 0 -1.00609e-01  6.34814e-03  4.80458e-03 0.939566 0 -4.30831e+03  5.16879e+03  5.53831e+03 0 0 0 
1 2112 0 0  2.62662e-01  1.72538e-01  7.38181e-02 0.939566 0 -3.53333e+03  5.51269e+03  3.70481e+03 0 0 0 
1 2112 0 0  5.82103e-02 -1.13408e-01 -5.17365e-02 0.939566 0 -3.64004e+03  5.33400e+03  3.51032e+03 0 0 0 
1 2112 0 0 -3.49129e-01 -1.28215e-01 -2.89479e-01 0.939566 0 -3.64004e+03  5.33400e+03  3.51032e+03 0 0 0 
1
1 2112 0 0  2.09657e-01 -4.86077e-02 -1.74059e-01 0.939566 0  6.16666e+00 -2.30766e+03  6.31456e+03 0 0 0 
1
1 2112 0 0  6.66481e-03  1.10769e-01  2.87840e-02 0.939566 0  2.61843e+03  1.89662e+03  6.92423e+03 0 0 0 
1
1 2112 0 0  1.85023e-02  4.58153e-04  3.01634e-02 0.939566 0 -3.39070e+03  4.00887e+03  5.79709e+03 0 0 0 
1
1 2112 0 0  2.13681e-02 -3.42810e-02 -1.85690e-01 0.939566 0  5.04178e+03 -1.13552e+02  6.74827e+03 0 0 0 
4
1 2112 0 0 -4.08715e-01 -2.77478e-01 -2.91730e-01 0.939566 0  5.15911e+03 -1.07436e+03  6.63813e+03 0 0 0 
1 2112 0 0  7.84159e-02  6.11415e-02  5.20461e-03 0.939566 0  5.76700e+03 -7.29459e+02  5.02539e+03 0 0 0 
1 2112 0 0  3.03976e-02  1.64713e-02 -1.23614e-01 0.939566 0  3.97354e+03 -1.80582e+03  5.70419e+03 0 0 0 
1 2112 0 0  6.72232e-02 -3.76740e-02 -1.84169e-02 0.939566 0  3.99128e+03 -1.78902e+03  5.74645e+03 0 0 0 
1
1 2112 0 0 -2.00857e-02 -7.50357e-02 -6.71298e-03 0.939566 0  2.92276e+03  1.63580e+03  6.50798e+03 0 0 0 
1
1 2112 0 0 -1.75130e-01  2.10903e-03  6.95178e-02 0.939566 0  3.39850e+03  4.52328e+03  5.08062e+03 0 0 0 
1
1 2112 0 0 -8.92183e-02  7.44341e-03  1.86814e-02 0.939566 0 -3.94442e+02 -7.00873e+02  6.90454e+03 0 0 0 
1
1 2112 0 0  1.11308e-01  2.18413e-03 -3.19317e-02 0.939566 0 -1.77154e+03 -3.90053e+03  6.93633e+03 0 0 0 
1
1 2112 0 0  2.00262e-01  3.90464e-02 -4.23413e-01 0.939566 0  4.21190e+03 -5.48491e+03  5.09391e+03 0 0 0 
2
1 2112 0 0 -2.70851e-01  3.38073e-02 -1.78014e-01 0.939566 0 -5.28403e+03 -8.85611e+02  4.88546e+03 0 0 0 
1 2112 0 0 -1.30115e-01  2.31842e-01 -7.26509e-02 0.939566 0 -5.28520e+03 -8.85465e+02  4.88469e+03 0 0 0 
3
1 2112 0 0 -9.98263e-02  4.77352e-02 -5.38827e-02 0.939566 0 -5.73908e+03 -2.18292e+03  6.80629e+03 0 0 0 
1 2112 0 0 -2.07223e-02  3.65867e-02  2.68593e-02 0.939566 0 -5.73908e+03 -2.18292e+03  6.80629e+03 0 0 0 
1 2112 0 0 -1.77531e-02 -1.41305e-01 -1.09689e-01 0.939566 0 -5.73908e+03 -2.18292e+03  6.80629e+03 0 0 0 
1
1 2112 0 0 -2.61400e-02 -2.42056e-02 -5.11836e-02 0.939566 0  3.62650e+03  4.71176e+03  5.97950e+03 0 0 0 
2
1 2112 0 0  1.33714e-01  2.72555e-02 -1.65088e-01 0.939566 0  1.73600e+03 -1.77681e+03  6.40428e+03 0 0 0 
1 2112 0 0  6.20213e-02  3.41080e-02  4.85035e-03 0.939566 0  2.13519e+03 -1.74590e+03  5.95639e+03 0 0 0 
14
1 2112 0 0 -1.23729e-01 -1.79031e-01 -4.94224e-01 0.939566 0 -1.27149e+03  6.16268e+03  6.44575e+03 0 0 0 
1 2112 0 0 -1.62915e-01 -2.30323e-01 -1.15167e-01 0.939566 0 -1.27149e+03  6.16268e+03  6.44575e+03 0 0 0 
1 2112 0 0  4.47021e-02 -3.06142e-02 -1.50751e-01 0.939566 0 -1.27149e+03  6.16268e+03  6.44575e+03 0 0 0 
1 2112 0 0 -2.23210e-02  3.75139e-01 -3.76739e-01 0.939566 0 -1.27468e+03  5.97503e+03  6.26988e+03 0 0 0 
1 2112 0 0 -5.96774e-02 -7.76481e-02  1.98657e-01 0.939566 0 -1.27468e+03  5.97503e+03  6.26988e+03 0 0 0 
1 2112 0 0 -8.76330e-02 -6.07210e-02 -8.59166e-02 0.939566 0 -1.27468e+03  5.97503e+03  6.26988e+03 0 0 0 
1 2112 0 0 -6.89849e-02  2.16997e-01  1.15192e-01 0.939566 0 -1.25711e+03  6.04257e+03  6.04314e+03 0 0 0 
1 2112 0 0  1.11116e-01 -8.29912e-02  1.35824e-01 0.939566 0 -1.25711e+03  6.04257e+03  6.04314e+03 0 0 0 
1 2112 0 0 -4.42192e-02 -3.36657e-02  2.00904e-02 0.939566 0 -1.30677e+03  6.11164e+03  6.30484e+03 0 0 0 
1 2112 0 0  5.24729e-02 -2.98250e-02  1.15017e-02 0.939566 0 -1.17136e+03  6.08398e+03  5.76140e+03 0 0 0 
1 2112 0 0  4.77135e-01  2.24428e-01 -7.71184e-01 0.939566 0 -1.16854e+03  6.08630e+03  6.27518e+03 0 0 0 
1 2112 0 0 -1.01365e-01 -4.42995e-01  1.80118e-01 0.939566 0 -1.16854e+03  6.08630e+03  6.27518e+03 0 0 0 
1 2112 0 0  4.48558e-02  9.81302e-02 -1.20419e-01 0.939566 0 -1.08928e+03  6.19406e+03  6.13101e+03 0 0 0 
1 2112 0 0 -5.97768e-02 -8.84813e-02 -5.14416e-02 0.939566 0 -1.02301e+03  6.31150e+03  5.61118e+03 0 0 0 
1
1 2112 0 0 -2.61855e-02 -2.67267e-01 -1.29745e-01 0.939566 0 -1.50547e+03  6.59614e+03  6.74823e+03 0 0 0 
1
1 2112 0 0 -2.88259e-02 -5.26805e-02 -1.20237e-01 0.939566 0  1.91082e+03  3.16289e+03  6.78116e+03 0 0 0 
2
1 2112 0 0 -6.16018e-02  2.97849e-02  1.04943e-02 0.939566 0 -3.54602e+03 -1.46033e+03  6.54103e+03 0 0 0 
1 2112 0 0 -4.88638e-02  5.93119e-02 -1.54947e-01 0.939566 0 -3.54602e+03 -1.46033e+03  6.54103e+03 0 0 0 
1
1 2112 0 0 -9.35102e-02 -1.55038e-01 -2.06863e-02 0.939566 0 -1.94427e+03 -2.71277e+03  6.92148e+03 0 0 0 
1
1 2112 0 0 -2.02772e-01  1.53317e-01  2.53301e-03 0.939566 0 -4.33584e+03 -2.81915e+03  6.51855e+03 0 0 0 
2
1 2112 0 0  1.55239e-02  1.18563e-02  1.71492e-02 0.939566 0  1.39900e+01 -6.87235e+03  4.15439e+02 0 0 0 
1 2112 0 0  3.82734e-02 -2.29619e-02 -1.85780e-01 0.939566 0  1.39900e+01 -6.87235e+03  4.15439e+02 0 0 0 
3
1 2112 0 0 -2.92785e-01 -1.61659e-01 -7.49849e-02 0.939566 0  5.18781e+03  4.62847e+03  5.56730e+03 0 0 0 
1 2112 0 0 -3.14728e-02 -1.22042e-01 -2.56085e-02 0.939566 0  4.11254e+03  3.66809e+03  5.08062e+03 0 0 0 
1 2112 0 0 -5.37842e-02 -1.21189e-01  1.24547e-01 0.939566 0  2.42131e+03  4.53493e+03  5.21116e+03 0 0 0 
1
1 2112 0 0 -5.37842e-02 -1.21189e-01  1.24547e-01 0.939566 0  2.42131e+03  4.53493e+03  5.21116e+03 0 0 0 
2
1 2112 0 0  1.29094e-01 -7.88876e-02 -2.10499e-01 0.939566 0 -4.47117e+03 -4.36797e+03  5.33672e+03 0 0 0 
1 2112 0 0 -1.67507e-02 -8.62331e-02  1.61225e-02 0.939566 0 -4.34202e+03 -3.95728e+03  5.27640e+03 0 0 0 
1
1 2112 0 0 -2.66369e-02  1.13455e-01  1.11671e-01 0.939566 0  4.74958e+03  2.00876e+03  6.62155e+03 0 0 0 
1
1 2112 0 0 -7.27161e-02 -7.50641e-03 -8.13252e-02 0.939566 0 -1.11626e+03 -6.14127e+03  6.74155e+03 0 0 0 
2
1 2112 0 0  4.81443e-03 -1.50053e-02  7.09088e-02 0.939566 0  9.70724e+02  3.89457e+03  5.05372e+03 0 0 0 
1 2112 0 0  2.85507e-02  4.85219e-02 -2.24745e-01 0.939566 0  9.70724e+02  3.89457e+03  5.05372e+03 0 0 0 
1
1 2112 0 0  1.65936e-02  4.78523e-02  1.43432e-01 0.939566 0  3.30013e+03 -4.97282e+03  6.94587e+03 0 0 0 
2
1 2112 0 0 -1.04442e-02  4.75231e-02  5.75426e-02 0.939566 0 -5.83989e+03  2.31629e+03  4.32363e+03 0 0 0 
1 2112 0 0 -5.69701e-02  4.70522e-03  3.04779e-02 0.939566 0 -4.07651e+03  2.57841e+03  4.84269e+03 0 0 0 
1
1 2112 0 0  7.60909e-03  9.41579e-02 -1.50944e-01 0.939566 0  5.97102e+03 -9.57690e+02  6.92443e+03 0 0 0 
1
1 2112 0 0  2.20565e-02 -3.10693e-02  1.29389e-01 0.939566 0  5.79930e+03 -3.88214e+03  5.57422e+03 0 0 0 
2
1 2112 0 0 -1.51666e-02  3.53412e-02 -8.35198e-02 0.939566 0 -8.93399e+02 -5.84570e+02  5.03334e+03 0 0 0 
1 2112 0 0 -1.63755e-01  5.75750e-02 -3.30366e-01 0.939566 0 -8.93399e+02 -5.84570e+02  5.03334e+03 0 0 0 
2
1 2112 0 0 -1.36482e-02 -5.74613e-02  5.77967e-02 0.939566 0  6.86403e+03  4.12422e+02  6.21724e+03 0 0 0 
1 2112 0 0  1.68465e-01  6.44414e-02  1.13173e-02 0.939566 0  6.86403e+03  4.12422e+02  6.21724e+03 0 0 0 
1
1 2112 0 0 -7.59678e-02  3.05076e-03  1.56126e-01 0.939566 0  4.38498e+03 -4.81952e+03  6.27810e+03 0 0 0 
1
1 2112 0 0 -8.23511e-02  1.21890e-01 -9.56717e-02 0.939566 0  5.21044e+03 -1.29022e+03  6.54615e+03 0 0 0 
1
1 2112 0 0 -1.26671e-01  1.10984e-02  1.67454e-02 0.939566 0 -5.67486e+03 -3.97783e+03 -5.28296e+03 0 0 0 
1
1 2112 0 0  5.87786e-02 -2.09293e-02 -6.38956e-03 0.939566 0 -2.14048e+03  4.15030e+03  6.97952e+03 0 0 0 
1
1 2112 0 0 -1.27646e-01 -1.37127e-01 -1.29672e-01 0.939566 0  4.57691e+03  1.18204e+03  6.40656e+03 0 0 0 
1
1 2112 0 0 -1.76227e-01 -1.30379e-01 -1.26091e-01 0.939566 0 -4.61965e+02 -1.51616e+03  6.66468e+03 0 0 0 
1
1 2112 0 0 -1.36053e-01  2.61194e-01 -5.56794e-02 0.939566 0  3.11095e+03 -5.90038e+03  6.97481e+03 0 0 0 
3
1 2112 0 0  2.47820e-01 -3.31060e-02 -7.14512e-02 0.939566 0  2.21832e+02  4.87567e+03  5.92206e+03 0 0 0 
1 2112 0 0 -7.11427e-02  2.71276e-03 -1.14992e-02 0.939566 0  2.21832e+02  4.87567e+03  5.92206e+03 0 0 0 
1 2112 0 0  1.59797e-01  7.08718e-02  6.31070e-02 0.939566 0 -8.68074e+02  5.84803e+03  5.16294e+03 0 0 0 
2
1 2112 0 0  1.48832e-04 -6.88681e-03  1.40513e-01 0.939566 0 -1.34315e+03 -6.32360e+03  6.15312e+03 0 0 0 
1 2112 0 0 -6.13079e-02 -1.88746e-03 -6.63381e-02 0.939566 0 -1.58478e+03 -6.75012e+03  5.63118e+03 0 0 0 
1
1 2112 0 0  6.44836e-02  1.73366e-01 -6.98355e-03 0.939566 0  1.79338e+03  5.87867e+03  6.52124e+03 0 0 0 
1
1 2112 0 0 -6.94014e-03 -7.91017e-02  1.42708e-02 0.939566 0 -6.60104e+03  1.32376e+03  8.03770e+01 0 0 0 
1
1 2112 0 0 -6.78609e-03  6.92691e-02 -3.34613e-02 0.939566 0  1.34770e+03 -1.44194e+03  6.89049e+03 0 0 0 
1
1 2112 0 0  5.50749e-02  3.88138e-02 -1.34136e-01 0.939566 0 -3.72535e+03 -4.34675e+03  6.23363e+03 0 0 0 
1
1 2112 0 0  2.09102e-02 -4.41060e-02  1.33379e-02 0.939566 0 -6.71105e+03  1.51849e+03 -3.60299e+03 0 0 0 
1
1 2112 0 0 -1.39991e-01 -5.94253e-02 -8.86066e-03 0.939566 0  1.54669e+03 -1.30307e+03  6.67218e+03 0 0 0 
1
1 2112 0 0  2.10462e-01 -7.75281e-02  2.11668e-01 0.939566 0 -1.08175e+03  2.73418e+03  6.32535e+03 0 0 0 
1
1 2112 0 0  2.10462e-01 -7.75281e-02  2.11668e-01 0.939566 0 -1.08175e+03  2.73418e+03  6.32535e+03 0 0 0 
1
1 2112 0 0 -3.25990e-02  3.84384e-02 -6.19171e-02 0.939566 0  6.14242e+02  5.86562e+03  6.98228e+03 0 0 0 
2
1 2112 0 0 -1.44449e-02  2.54765e-02  5.51235e-02 0.939566 0 -9.90221e+02 -4.99699e+03  6.95273e+03 0 0 0 
1 2112 0 0  6.49574e-02 -1.97199e-02 -1.13486e-01 0.939566 0 -9.90221e+02 -4.99699e+03  6.95273e+03 0 0 0 
3
1 2112 0 0 -1.64624e-01 -1.41955e-01 -2.78032e-01 0.939566 0  5.95005e+03 -2.43897e+03  6.35180e+03 0 0 0 
1 2112 0 0  8.94432e-03 -1.48564e-02 -1.61562e-02 0.939566 0  5.86951e+03 -3.03111e+03  5.82759e+03 0 0 0 
1 2112 0 0  5.66097e-02 -3.06813e-01  1.96691e-02 0.939566 0  5.80810e+03 -3.55112e+03  5.30541e+03 0 0 0 
1
1 2112 0 0  1.44927e-01  8.67291e-02 -1.31884e-01 0.939566 0  1.49098e+03  1.37630e+03  6.94897e+03 0 0 0 
2
1 2112 0 0 -6.95264e-02 -2.26317e-02 -5.59591e-02 0.939566 0 -4.08830e+03  5.21866e+03  6.10928e+03 0 0 0 
1 2112 0 0  4.04030e-02  2.09054e-01 -2.49060e-01 0.939566 0 -4.08830e+03  5.21866e+03  6.10928e+03 0 0 0 
1
1 2112 0 0  1.02620e-01 -2.05296e-01 -4.18242e-01 0.939566 0 -6.91134e+02 -6.05214e+03  6.81312e+03 0 0 0 
1
1 2112 0 0  5.48860e-02 -4.80900e-02 -1.35617e-01 0.939566 0 -2.15183e+03  5.02253e+03  6.36489e+03 0 0 0 
5
1 2112 0 0 -3.41895e-01 -2.09154e-01 -1.41644e-01 0.939566 0  6.40539e+03  1.84970e+02  6.79450e+03 0 0 0 
1 2112 0 0  3.00283e-01 -4.07604e-01 -2.46355e-01 0.939566 0  6.40539e+03  1.84970e+02  6.79450e+03 0 0 0 
1 2112 0 0 -4.01823e-02 -2.85681e-02 -4.08890e-02 0.939566 0  4.78258e+03 -1.41739e+03  6.50691e+03 0 0 0 
1 2112 0 0 -5.02938e-02  2.44756e-02  4.23948e-02 0.939566 0  4.59910e+03 -1.58969e+03  6.71871e+03 0 0 0 
1 2112 0 0 -7.02091e-02 -1.35558e-01  6.02867e-02 0.939566 0  4.59910e+03 -1.58969e+03  6.71871e+03 0 0 0 
2
1 2112 0 0  3.70146e-02  1.69938e-03 -4.84795e-02 0.939566 0  5.05878e+03  2.56631e+03  6.86021e+03 0 0 0 
1 2112 0 0 -3.01814e-01  2.60969e-02  3.32885e-02 0.939566 0  3.74823e+03  3.01245e+03  6.95359e+03 0 0 0 
1
1 2112 0 0 -3.01814e-01  2.60969e-02  3.32885e-02 0.939566 0  3.74823e+03  3.01245e+03  6.95359e+03 0 0 0 
1
1 2112 0 0 -8.51527e-02  3.79328e-02 -5.68118e-02 0.939566 0  3.94429e+03 -5.74534e+03  6.51867e+02 0 0 0 
1
1 2112 0 0  2.39837e-02 -6.87324e-03 -4.10407e-01 0.939566 0 -1.89044e+03  4.75678e+03  6.83223e+03 0 0 0 
1
1 2112 0 0 -1.44765e-01 -1.02882e-01 -6.67422e-02 0.939566 0 -2.63848e+03  3.84543e+03  6.97355e+03 0 0 0 
2
1 2112 0 0  1.64276e-02 -2.13583e-02 -2.21167e-01 0.939566 0  1.39922e+03  2.57519e+03  5.86487e+03 0 0 0 
1 2112 0 0  2.37140e-02  2.44269e-02 -2.12940e-02 0.939566 0  1.41016e+03  2.59872e+03  5.93938e+03 0 0 0 
4
1 2112 0 0  4.01294e-01 -6.56049e-02 -1.70066e-02 0.939566 0 -1.41881e+03  2.99779e+03  5.65354e+03 0 0 0 
1 2112 0 0 -4.55147e-02  3.20504e-02  4.89819e-02 0.939566 0 -1.41881e+03  2.99779e+03  5.65354e+03 0 0 0 
1 2112 0 0 -1.14362e-01 -1.31349e-01 -2.07632e-01 0.939566 0 -1.21428e+03  3.04745e+03  4.57408e+03 0 0 0 
1 2112 0 0 -8.15184e-02 -1.15593e-01  6.89138e-02 0.939566 0 -1.31268e+03  2.87370e+03  4.38175e+03 0 0 0 
1
1 2112 0 0  2.84052e-02 -9.33386e-02 -3.55353e-02 0.939566 0  6.14363e+03 -5.29707e+02  6.88303e+03 0 0 0 
1
1 2112 0 0 -6.47353e-02  1.85178e-01  6.65627e-04 0.939566 0  5.06149e+03  4.33645e+03  6.49861e+03 0 0 0 
2
1 2112 0 0  4.61096e-02  4.55724e-04 -1.25917e-01 0.939566 0  1.53499e+03 -4.79701e+01  4.49752e+03 0 0 0 
1 2112 0 0  1.30034e-01 -1.97308e-01  1.07316e-02 0.939566 0  1.53499e+03 -4.79701e+01  4.49752e+03 0 0 0 
1
1 2112 0 0 -1.46443e-01 -2.74976e-02  1.86628e-02 0.939566 0  2.98864e+02 -1.41135e+03  5.67385e+03 0 0 0 
1
1 2112 0 0  3.44446e-02  8.09447e-02 -1.29616e-01 0.939566 0 -1.13466e+03 -5.50006e+03  6.37815e+03 0 0 0 
1
1 2112 0 0  5.05764e-02 -9.15408e-02 -5.83484e-02 0.939566 0 -4.41074e+03 -1.82661e+03  6.65080e+03 0 0 0 
9
1 2112 0 0  3.46955e-01 -2.95756e-01 -3.71233e-01 0.939566 0 -1.72224e+03  5.35684e+03  6.83377e+03 0 0 0 
1 2112 0 0 -2.75925e-01  2.90299e-02 -7.34155e-02 0.939566 0 -2.07047e+03  5.61228e+03  5.84885e+03 0 0 0 
1 2112 0 0 -1.26878e-01 -5.75357e-02 -8.02299e-02 0.939566 0 -2.07047e+03  5.61228e+03  5.84885e+03 0 0 0 
1 2112 0 0  2.37468e-02 -3.39531e-01  3.97174e-02 0.939566 0 -2.07052e+03  5.61239e+03  5.84903e+03 0 0 0 
1 2112 0 0  2.32326e-02 -1.02230e-02 -1.15636e-01 0.939566 0 -2.07052e+03  5.61239e+03  5.84903e+03 0 0 0 
1 2112 0 0  5.37878e-02 -7.63875e-03 -2.68756e-02 0.939566 0 -1.96037e+03  5.82830e+03  5.51025e+03 0 0 0 
1 2112 0 0 -1.55735e-01  8.97686e-02 -2.62611e-01 0.939566 0 -2.08098e+03  5.61093e+03  5.87648e+03 0 0 0 
1 2112 0 0  2.08758e-02 -1.05105e-01  5.75074e-02 0.939566 0 -2.08098e+03  5.61093e+03  5.87648e+03 0 0 0 
1 2112 0 0 -7.89110e-02  1.36568e-01 -5.38130e-02 0.939566 0 -3.04811e+03  6.22823e+03  4.79777e+03 0 0 0 
1
1 2112 0 0 -7.89110e-02  1.36568e-01 -5.38130e-02 0.939566 0 -3.04811e+03  6.22823e+03  4.79777e+03 0 0 0 
1
1 2112 0 0 -3.86129e-01 -1.49427e-01 -1.86662e-01 0.939566 0  6.53043e+03  2.02649e+03  6.01496e+03 0 0 0 
2
1 2112 0 0 -6.57344e-02 -1.14321e-01 -6.10092e-02 0.939566 0 -5.29547e+02  1.28693e+03  5.31975e+03 0 0 0 
1 2112 0 0 -1.27194e-01  4.57851e-02  7.60431e-02 0.939566 0 -5.29547e+02  1.28693e+03  5.31975e+03 0 0 0 
2
1 2112 0 0  4.03608e-02  1.07136e-02  2.33802e-02 0.939566 0  1.84029e+03  5.85430e+02  6.52379e+03 0 0 0 
1 2112 0 0 -1.21861e-01 -5.01978e-02 -1.19872e-01 0.939566 0  1.87702e+03  6.17820e+02  6.44807e+03 0 0 0 
1
1 2112 0 0  1.62601e-01 -7.24206e-03 -2.74407e-01 0.939566 0 -2.85311e+03 -2.09618e+03  4.28358e+03 0 0 0 
1
1 2112 0 0 -5.51634e-02  4.15141e-02 -6.43893e-02 0.939566 0 -2.36817e+03 -6.48320e+03  6.75498e+03 0 0 0 
1
1 2112 0 0 -6.98997e-02  3.58486e-02  1.09107e-01 0.939566 0 -6.37806e+03 -2.17048e+03  4.07850e+03 0 0 0 
1
1 2112 0 0  6.60229e-02  3.82800e-02 -2.03385e-01 0.939566 0  3.21806e+03  4.32205e+03  6.98006e+03 0 0 0 
1
1 2112 0 0  2.83005e-02 -1.11973e-02  1.51921e-01 0.939566 0  4.07598e+03 -6.86689e+02  6.71093e+03 0 0 0 
2
1 2112 0 0 -7.93686e-02 -5.93093e-02 -2.53166e-01 0.939566 0  2.11206e+02 -2.44039e+03  6.06161e+03 0 0 0 
1 2112 0 0 -3.49006e-02  1.56266e-01 -4.25428e-02 0.939566 0  8.14297e+02 -3.14602e+03  4.75187e+03 0 0 0 
2
1 2112 0 0  1.56062e-01  2.12154e-01  3.07343e-02 0.939566 0  3.80495e+03 -3.48494e+03  5.94298e+03 0 0 0 
1 2112 0 0 -1.82518e-02 -2.03480e-01 -1.48446e-01 0.939566 0  4.18907e+03 -4.26739e+03  4.82195e+03 0 0 0 
1
1 2112 0 0 -7.99512e-02  7.18007e-04  1.27768e-01 0.939566 0  5.27356e+03 -4.36226e+03 -5.94572e+03 0 0 0 
1
1 2112 0 0 -8.44030e-03 -5.63069e-02 -5.30489e-03 0.939566 0  5.57309e+02 -4.05374e+03  6.60181e+03 0 0 0 
1
1 2112 0 0 -2.51810e-02  1.16209e-01 -2.30843e-02 0.939566 0 -2.89700e+03 -6.05928e+02  6.55579e+03 0 0 0 
3
1 2112 0 0  1.11646e-01  8.65651e-03 -7.56893e-02 0.939566 0 -1.21438e+03  5.07755e+03  6.29233e+03 0 0 0 
1 2112 0 0  3.36378e-02 -7.43949e-03  2.34146e-02 0.939566 0 -1.79917e+03  4.83260e+03  6.53983e+03 0 0 0 
1 2112 0 0 -1.25626e-01 -1.11693e-01  5.19973e-02 0.939566 0 -1.79917e+03  4.83260e+03  6.53983e+03 0 0 0 
2
1 2112 0 0  3.74324e-01  1.16561e-01  2.44982e-02 0.939566 0  6.87204e+03  1.05253e+03  5.69810e+03 0 0 0 
1 2112 0 0  1.63212e-01 -1.42995e-01 -6.91005e-01 0.939566 0  6.84792e+03  7.48676e+02  5.02499e+03 0 0 0 
1
1 2112 0 0  1.24201e-01 -2.28558e-02  3.78356e-02 0.939566 0  2.08838e+03  4.36071e+03  6.48220e+03 0 0 0 
1
1 2112 0 0  4.97377e-02  9.72813e-02 -1.03453e-01 0.939566 0  5.55752e+03 -3.47665e+03  6.84395e+03 0 0 0 
1
1 2112 0 0 -1.08735e-01  6.06681e-02 -1.68090e-01 0.939566 0 -8.91913e+02 -4.68721e+03  6.67855e+03 0 0 0 
2
1 2112 0 0  3.01759e-01  1.45047e-01  6.64750e-02 0.939566 0 -5.78033e+03 -3.08671e+03 -4.21894e+03 0 0 0 
1 2112 0 0  1.70871e-01 -1.30385e-01  9.74801e-02 0.939566 0 -5.33941e+03 -2.85629e+03 -4.14350e+03 0 0 0 
2
1 2112 0 0  1.13555e-02 -6.49946e-03 -1.16730e-01 0.939566 0  6.23908e+03  2.78818e+03  5.54285e+03 0 0 0 
1 2112 0 0 -2.94756e-02 -2.00318e-01 -4.02563e-02 0.939566 0  5.81947e+03  2.00963e+03  5.56318e+03 0 0 0 
2
1 2112 0 0  3.81407e-02  1.48152e-01 -1.59043e-01 0.939566 0 -6.22889e+02  4.19357e+03  4.84171e+03 0 0 0 
1 2112 0 0 -7.67952e-02  1.48847e-01 -3.38328e-02 0.939566 0 -3.85170e+02  4.09056e+03  4.21940e+03 0 0 0 
1
1 2112 0 0  1.39359e-02  9.97971e-02 -2.80499e-01 0.939566 0 -2.39869e+03 -4.98956e+03  6.49565e+03 0 0 0 
2
1 2112 0 0 -1.97044e-01 -9.48658e-02 -1.83090e-02 0.939566 0  7.97585e+01  4.38783e+03  6.42472e+03 0 0 0 
1 2112 0 0  5.49325e-03 -2.40342e-02 -3.23176e-02 0.939566 0  1.41877e+02  4.33299e+03  6.35943e+03 0 0 0 
7
1 2112 0 0  2.24200e-01 -3.18732e-01 -1.79415e-01 0.939566 0  2.04333e+03 -6.45362e+03  6.90175e+03 0 0 0 
1 2112 0 0 -5.05408e-02  4.31490e-02 -5.15074e-02 0.939566 0  8.36135e+02 -5.73509e+03  4.44126e+03 0 0 0 
1 2112 0 0  9.15833e-02  4.13764e-01 -2.57270e-01 0.939566 0  6.95728e+02 -5.59811e+03  4.05467e+03 0 0 0 
1 2112 0 0  2.12757e-01  3.96169e-01 -6.06095e-01 0.939566 0  4.57530e+02 -5.60519e+03  3.13029e+03 0 0 0 
1 2112 0 0 -2.57750e-02 -1.18529e-01  1.31579e-01 0.939566 0  4.14242e+02 -5.68636e+03  3.06011e+03 0 0 0 
1 2112 0 0  7.92907e-03 -1.14386e-01 -6.36283e-02 0.939566 0  4.14242e+02 -5.68636e+03  3.06011e+03 0 0 0 
1 2112 0 0 -9.65173e-02  1.09146e-01 -1.32309e-01 0.939566 0  3.96644e+02 -5.68238e+03  3.01112e+03 0 0 0 
2
1 2112 0 0  5.42725e-02  1.51004e-01  1.17522e-01 0.939566 0 -3.74491e+03  3.44826e+03  6.80670e+03 0 0 0 
1 2112 0 0 -5.30879e-02 -2.15655e-02 -6.95540e-02 0.939566 0 -3.86137e+03  3.54578e+03  6.73493e+03 0 0 0 
3
1 2112 0 0  3.73998e-01 -3.37895e-01  2.67547e-02 0.939566 0 -2.41444e+03  6.25148e+03 -4.11740e+03 0 0 0 
1 2112 0 0 -1.49778e-01  2.19102e-02 -6.83424e-02 0.939566 0 -2.41444e+03  6.25148e+03 -4.11740e+03 0 0 0 
1 2112 0 0 -3.87978e-01 -4.57414e-02 -3.74246e-01 0.939566 0 -2.41444e+03  6.25148e+03 -4.11740e+03 0 0 0 
1
1 2112 0 0  8.07341e-03 -3.56340e-02 -2.31331e-01 0.939566 0 -5.19656e+03  4.48197e+03 -1.83671e+03 0 0 0 
1
1 2112 0 0 -5.91238e-03 -9.06256e-03 -3.46690e-03 0.939566 0  2.28739e+03  3.72162e+02  6.21469e+03 0 0 0 
1
1 2112 0 0  1.95332e-02 -6.82152e-02  3.05200e-02 0.939566 0  4.43092e+02  3.36404e+03  6.93726e+03 0 0 0 
1
1 2112 0 0 -7.48336e-02 -7.49355e-02 -1.10779e-01 0.939566 0  3.98915e+02  6.87579e+03 -6.58369e+03 0 0 0 
2
1 2112 0 0 -1.09399e-01 -7.62235e-02 -1.21389e-02 0.939566 0 -6.33629e+03  9.19383e+02  6.82416e+03 0 0 0 
1 2112 0 0 -9.05491e-02  5.85414e-02 -6.48630e-02 0.939566 0 -6.41041e+03  1.14817e+03  6.59515e+03 0 0 0 
1
1 2112 0 0 -2.31642e-02  2.99658e-02 -2.69057e-01 0.939566 0  3.00140e+03 -4.95427e+02  6.93948e+03 0 0 0 
1
1 2112 0 0 -2.31642e-02  2.99658e-02 -2.69057e-01 0.939566 0  3.00140e+03 -4.95427e+02  6.93948e+03 0 0 0 
2
1 2112 0 0 -2.88883e-02  9.94946e-02 -1.31677e-01 0.939566 0  3.56650e+03  5.79601e+03  5.58909e+03 0 0 0 
1 2112 0 0 -9.79145e-02 -2.01139e-01 -3.97049e-01 0.939566 0  3.48394e+03  5.44219e+03  5.30391e+03 0 0 0 
1
1 2112 0 0 -2.29934e-02 -4.82451e-02  5.14996e-02 0.939566 0 -5.07362e+03 -2.44635e+03  6.52088e+03 0 0 0 
1
1 2112 0 0  9.70344e-02 -2.41713e-02 -1.62970e-02 0.939566 0 -1.49674e+03 -4.33205e+03  6.86661e+03 0 0 0 
1
1 2112 0 0 -1.23062e-01 -5.39330e-02  4.58589e-02 0.939566 0 -4.25104e+03 -5.05564e+03 -5.50990e+03 0 0 0 
1
1 2112 0 0  1.32216e-01  6.18870e-02  8.17808e-02 0.939566 0 -6.75948e+03 -1.18657e+03 -2.55266e+03 0 0 0 
1
1 2112 0 0  1.97495e-02 -1.74015e-02 -1.61813e-01 0.939566 0 -5.60318e+02 -5.55999e+03  6.97703e+03 0 0 0 
1
1 2112 0 0 -4.36130e-02 -7.66562e-02 -1.85902e-01 0.939566 0 -2.48745e+03  3.04013e+03  5.52940e+03 0 0 0 
1
1 2112 0 0  1.66340e-02  1.96708e-02  2.79154e-02 0.939566 0 -2.06194e+03 -4.72546e+03  6.67392e+03 0 0 0 
2
1 2112 0 0 -2.68973e-02 -6.08861e-03  1.32039e-02 0.939566 0 -2.48105e+03 -5.07111e+03  6.75763e+03 0 0 0 
1 2112 0 0  1.13480e-01  9.21287e-02  1.04445e-01 0.939566 0 -2.48105e+03 -5.07111e+03  6.75763e+03 0 0 0 
2
1 2112 0 0 -1.24487e-02  4.86486e-02  4.88378e-02 0.939566 0  1.05906e+03 -4.17378e+03  6.97649e+03 0 0 0 
1 2112 0 0  1.48239e-02 -4.00539e-02 -5.03707e-02 0.939566 0  1.06993e+03 -4.18103e+03  6.95668e+03 0 0 0 
1
1 2112 0 0 -4.25802e-02  2.19845e-01 -4.20978e-02 0.939566 0  1.49132e+02 -2.39378e+03  6.55025e+03 0 0 0 
1
1 2112 0 0 -9.23111e-02  7.45696e-02  6.37804e-03 0.939566 0 -4.11838e+03 -4.16392e+03  6.93170e+03 0 0 0 
2
1 2112 0 0  1.33664e-02 -2.04963e-02 -2.13158e-02 0.939566 0 -4.18300e+03 -3.91854e+03  6.97999e+03 0 0 0 
1 2112 0 0 -3.27848e-03  1.49854e-01  8.11693e-04 0.939566 0 -4.18872e+03 -3.92255e+03  6.97850e+03 0 0 0 
1
1 2112 0 0  1.09171e-02  2.20044e-02 -5.90918e-02 0.939566 0  5.63170e+03  2.62866e+03  6.85081e+03 0 0 0 
2
1 2112 0 0  1.25499e-02 -4.91448e-02 -6.74706e-02 0.939566 0 -3.36550e+03 -3.20905e+03  6.63237e+03 0 0 0 
1 2112 0 0  5.19694e-03  1.10223e-01 -7.27813e-02 0.939566 0 -3.36550e+03 -3.20905e+03  6.63237e+03 0 0 0 
1
1 2112 0 0 -2.92830e-02  8.03012e-02 -3.64881e-02 0.939566 0  3.60598e+02 -6.70284e+03  8.62776e+02 0 0 0 
2
1 2112 0 0 -2.46884e-02  1.12769e-02 -5.04809e-04 0.939566 0 -4.98688e+02  5.80977e+03  6.32258e+03 0 0 0 
1 2112 0 0  1.75465e-01  2.14744e-02 -2.42456e-01 0.939566 0 -4.98688e+02  5.80977e+03  6.32258e+03 0 0 0 
3
1 2112 0 0 -2.59489e-02 -1.42083e-01  1.16942e-01 0.939566 0  2.20933e+03  4.29065e+03  6.14416e+03 0 0 0 
1 2112 0 0 -1.49815e-01  3.23946e-01 -1.51653e-01 0.939566 0  2.20933e+03  4.29065e+03  6.14416e+03 0 0 0 
1 2112 0 0  1.12330e-01 -1.16508e-01  3.65684e-02 0.939566 0  2.31093e+03  5.73043e+03  5.12144e+03 0 0 0 
1
1 2112 0 0 -3.48301e-01 -3.10468e-01  3.73037e-02 0.939566 0 -6.13865e+03  2.83907e+03  6.26275e+03 0 0 0 
2
1 2112 0 0  1.31300e-02 -6.28780e-02  4.85508e-02 0.939566 0  4.71467e+03 -2.15003e+03  5.43826e+03 0 0 0 
1 2112 0 0 -3.89941e-02 -1.73735e-01  5.19411e-02 0.939566 0  4.68227e+03 -2.18489e+03  5.61479e+03 0 0 0 
2
1 2112 0 0 -1.19485e-01 -3.28990e-02  9.44392e-02 0.939566 0 -5.09946e+03 -2.59281e+03  6.38832e+03 0 0 0 
1 2112 0 0 -1.14829e-01 -4.60564e-02 -7.88652e-02 0.939566 0 -5.35833e+03 -3.28206e+03  6.26985e+03 0 0 0 
2
1 2112 0 0 -4.15104e-02 -2.69877e-02 -1.07993e-02 0.939566 0  4.46371e+03  5.30026e+03  3.50796e+03 0 0 0 
1 2112 0 0  1.63601e-01 -2.00642e-02  5.21934e-03 0.939566 0  4.46371e+03  5.30026e+03  3.50796e+03 0 0 0 
2
1 2112 0 0  1.98356e-01  1.08859e-01 -1.88553e-01 0.939566 0 -2.43808e+03  3.59563e+03  6.50036e+03 0 0 0 
1 2112 0 0 -8.01975e-02 -1.04365e-01 -2.93318e-02 0.939566 0 -2.61266e+03  3.51303e+03  6.35252e+03 0 0 0 
1
1 2112 0 0  1.05906e-01  9.20073e-02 -1.45988e-01 0.939566 0 -3.75264e+03 -5.05497e+03  3.63468e+03 0 0 0 
1
1 2112 0 0 -6.44241e-02 -6.62132e-03 -1.96493e-03 0.939566 0 -2.82174e+03 -2.64236e+02  6.73020e+03 0 0 0 
1
1 2112 0 0 -8.62394e-02  1.18966e-01 -1.35038e-01 0.939566 0  6.72280e+03  1.77898e+03  6.86597e+03 0 0 0 
4
1 2112 0 0 -2.07623e-02  1.53486e-02 -1.02818e-01 0.939566 0  3.02747e+03  2.66197e+03  6.26400e+03 0 0 0 
1 2112 0 0  1.26785e-01  1.80029e-01 -9.31811e-02 0.939566 0  3.02747e+03  2.66197e+03  6.26400e+03 0 0 0 
1 2112 0 0 -2.51454e-02  5.52246e-02  2.41440e-01 0.939566 0  2.97779e+03  2.65598e+03  6.21004e+03 0 0 0 
1 2112 0 0  1.52176e-02  4.06895e-02  2.31778e-02 0.939566 0  2.95200e+03  2.71262e+03  6.45766e+03 0 0 0 
2
1 2112 0 0  1.36404e-01 -5.43090e-02 -1.24992e-02 0.939566 0  2.79044e+03 -5.89182e+03  6.86228e+03 0 0 0 
1 2112 0 0  7.40052e-02 -5.87669e-02 -1.45508e-01 0.939566 0  2.79044e+03 -5.89182e+03  6.86228e+03 0 0 0 
2
1 2112 0 0 -1.09824e-01 -4.31024e-02 -5.58690e-03 0.939566 0 -1.69907e+03 -5.98688e+02  6.80758e+03 0 0 0 
1 2112 0 0  4.04328e-02  1.05310e-01 -1.11243e-01 0.939566 0 -1.69907e+03 -5.98688e+02  6.80758e+03 0 0 0 
1
1 2112 0 0  9.11457e-02  3.12873e-01  1.80289e-01 0.939566 0 -1.84728e+03  1.86980e+03  5.16392e+03 0 0 0 
1
1 2112 0 0 -6.35923e-02 -1.22978e-01 -6.38874e-02 0.939566 0 -1.25599e+03 -6.68871e+03  3.86176e+03 0 0 0 
1
1 2112 0 0 -3.67846e-02 -2.38450e-03 -4.20559e-02 0.939566 0  5.40825e+03  3.48605e+03  6.50456e+03 0 0 0 
2
1 2112 0 0  1.91364e-02 -5.67439e-03  1.30117e-02 0.939566 0 -3.53477e+03  1.06833e+03  6.22440e+03 0 0 0 
1 2112 0 0  2.22537e-02  2.18318e-02  9.33053e-02 0.939566 0 -3.08291e+03  1.61284e+03  6.35524e+03 0 0 0 
3
1 2112 0 0  3.69063e-02  6.83015e-03 -7.60343e-02 0.939566 0 -5.97466e+02  3.05894e+03  4.52009e+03 0 0 0 
1 2112 0 0 -1.44664e-02 -2.50529e-02  6.96156e-02 0.939566 0 -5.97466e+02  3.05894e+03  4.52009e+03 0 0 0 
1 2112 0 0 -9.22248e-02  4.03889e-03 -7.84411e-02 0.939566 0 -7.46551e+02  3.09863e+03  4.44087e+03 0 0 0 
2
1 2112 0 0  4.97330e-02 -1.86891e-02 -5.57776e-02 0.939566 0 -6.81259e+02  6.56608e+03  6.32968e+03 0 0 0 
1 2112 0 0  1.03019e-01  4.90295e-02  1.30886e-02 0.939566 0 -6.81259e+02  6.56608e+03  6.32968e+03 0 0 0 
1
1 2112 0 0  2.10463e-02 -1.77942e-01  1.49593e-02 0.939566 0  2.84585e+02 -9.23563e+02  6.43339e+03 0 0 0 
1
1 2112 0 0  2.07138e-01  1.57172e-02 -2.43063e-01 0.939566 0 -5.63101e+03  3.81009e+03  2.16444e+03 0 0 0 
1
1 2112 0 0  3.76790e-02  2.18291e-02 -2.07258e-02 0.939566 0 -4.79363e+01 -1.13232e+03  6.63015e+03 0 0 0 
1
1 2112 0 0 -1.30550e-01  3.50664e-02 -1.42296e-01 0.939566 0 -3.85790e+03  1.01345e+03  6.91194e+03 0 0 0 
1
1 2112 0 0 -1.15669e-01  7.99164e-02 -7.49232e-02 0.939566 0 -2.45315e+03  6.40155e+03  6.98016e+03 0 0 0 
1
1 2112 0 0 -2.48269e-02  2.44052e-01 -1.01410e-01 0.939566 0 -4.50707e+02  2.52571e+03  6.70942e+03 0 0 0 
1
1 2112 0 0 -1.06776e-01  1.97634e-01 -4.49265e-02 0.939566 0  2.23327e+03  5.30858e+03  6.78488e+03 0 0 0 
1
1 2112 0 0 -1.22045e-02 -9.60464e-02 -2.63778e-01 0.939566 0 -5.61776e+03 -3.60521e+03  6.53051e+03 0 0 0 
2
1 2112 0 0  1.52058e-02  3.53014e-02  1.97521e-03 0.939566 0 -3.09576e+03  2.50424e+03  6.42321e+03 0 0 0 
1 2112 0 0  3.18520e-02 -1.18648e-02 -1.01255e-01 0.939566 0 -3.09576e+03  2.50424e+03  6.42321e+03 0 0 0 
1
1 2112 0 0  1.56132e-03 -6.83495e-02 -1.19602e-01 0.939566 0 -5.35610e+03 -3.80367e+03 -2.10709e+03 0 0 0 
1
1 2112 0 0  3.20600e-02  4.50165e-02 -2.01151e-02 0.939566 0 -6.69110e+02  2.90439e+03  6.86522e+03 0 0 0 
2
1 2112 0 0 -2.87667e-02 -2.38342e-02  5.73381e-02 0.939566 0 -2.20751e+03 -5.00887e+03  6.90332e+03 0 0 0 
1 2112 0 0 -1.37592e-04 -9.12592e-02 -7.39351e-02 0.939566 0 -2.20751e+03 -5.00887e+03  6.90332e+03 0 0 0 
5
1 2112 0 0  2.25897e-02 -1.05182e-01 -1.58627e-02 0.939566 0 -2.93326e+03 -1.99890e+03  6.46101e+03 0 0 0 
1 2112 0 0  7.74985e-02 -1.55767e-01  1.09344e-01 0.939566 0 -3.17875e+03 -1.87688e+03  6.13151e+03 0 0 0 
1 2112 0 0  1.75871e-01  1.76563e-01 -3.26711e-01 0.939566 0 -3.14514e+03 -1.68608e+03  6.52231e+03 0 0 0 
1 2112 0 0 -3.39307e-02  3.15335e-02  5.34432e-02 0.939566 0 -3.14514e+03 -1.68608e+03  6.52231e+03 0 0 0 
1 2112 0 0  1.70263e-01 -1.07957e-01 -1.96518e-01 0.939566 0 -3.04775e+03 -1.64507e+03  6.42660e+03 0 0 0 
1
1 2112 0 0  3.56785e-02  2.70054e-02 -1.30937e-02 0.939566 0 -3.43510e+03  5.34321e+03  2.09913e+03 0 0 0 
1
1 2112 0 0 -1.25263e-01  3.55947e-02 -3.14503e-02 0.939566 0 -1.04160e+03  9.82487e+02  6.73886e+03 0 0 0 
1
1 2112 0 0  4.87666e-02 -7.94528e-02  4.51469e-02 0.939566 0 -3.58683e+03  5.07821e+03 -3.36480e+03 0 0 0 
1
1 2112 0 0  1.45075e-01  3.73582e-02 -1.10465e-01 0.939566 0 -5.96056e+03  1.73802e+02  6.54883e+03 0 0 0 
1
1 2112 0 0  3.55524e-02 -4.74637e-02 -1.38791e-01 0.939566 0 -4.56532e+03 -5.03548e+03  1.48595e+03 0 0 0 
2
1 2112 0 0 -3.52820e-02  5.42815e-02 -7.06173e-02 0.939566 0 -6.82540e+02 -6.64769e+03  6.59563e+03 0 0 0 
1 2112 0 0 -7.45587e-02  2.09303e-01  4.43379e-02 0.939566 0 -6.82540e+02 -6.64769e+03  6.59563e+03 0 0 0 
1
1 2112 0 0  1.02323e-01 -3.43572e-02 -1.09471e-01 0.939566 0 -3.31165e+03  6.14155e+03  4.78067e+03 0 0 0 
1
1 2112 0 0  7.27105e-02 -3.55471e-02 -1.45538e-01 0.939566 0 -1.64479e+03 -6.76317e+03  3.68157e+03 0 0 0 
3
1 2112 0 0 -1.02636e-02  1.70105e-01 -2.05834e-01 0.939566 0  6.18653e+03 -2.30397e+03  6.90833e+03 0 0 0 
1 2112 0 0 -5.67412e-02 -6.44582e-02 -8.51653e-02 0.939566 0  6.09230e+03 -1.83398e+03  6.28335e+03 0 0 0 
1 2112 0 0 -4.22413e-02  1.46587e-02 -1.40069e-01 0.939566 0  6.09230e+03 -1.83398e+03  6.28335e+03 0 0 0 
2
1 2112 0 0 -1.52966e-02 -2.62403e-01 -8.33126e-02 0.939566 0  5.47630e+03  2.56029e+03  5.85077e+03 0 0 0 
1 2112 0 0  3.44603e-03 -1.13403e-01  1.23634e-01 0.939566 0  4.08444e+03  4.02778e+03  5.83855e+03 0 0 0 
2
1 2112 0 0  9.87540e-02  8.42892e-03 -6.55585e-02 0.939566 0  4.21981e+02  2.12988e+03  6.89045e+03 0 0 0 
1 2112 0 0  7.63707e-02 -4.43924e-02 -8.00911e-02 0.939566 0  4.21981e+02  2.12988e+03  6.89045e+03 0 0 0 
2
1 2112 0 0 -3.76701e-02  3.10650e-02 -9.24564e-02 0.939566 0  2.61273e+01 -2.68506e+03  6.98310e+03 0 0 0 
1 2112 0 0  8.29182e-02 -6.52505e-02 -1.45758e-01 0.939566 0  2.61273e+01 -2.68506e+03  6.98310e+03 0 0 0 
1
1 2112 0 0  1.31470e-02  5.66251e-02 -4.87259e-02 0.939566 0  1.90560e+01  6.93076e+03  4.20520e+03 0 0 0 
2
1 2112 0 0 -2.88342e-02  2.76500e-01 -1.73884e-01 0.939566 0  2.06020e+03  1.09458e+03  4.96326e+03 0 0 0 
1 2112 0 0 -6.39551e-02 -1.37331e-01 -6.60663e-02 0.939566 0  1.69949e+03  8.40634e+02  4.31689e+03 0 0 0 
1
1 2112 0 0 -4.97468e-02  1.38108e-03  1.33116e-02 0.939566 0  3.47655e+03  2.73243e+03  6.29054e+03 0 0 0 
1
1 2112 0 0 -8.19742e-02 -1.43289e-02 -1.54575e-01 0.939566 0 -9.28149e+02  6.86795e+03  3.78160e+02 0 0 0 
2
1 2112 0 0 -2.28996e-02 -6.39571e-03 -7.59503e-03 0.939566 0  3.65222e+03  5.90739e+03 -1.70304e+03 0 0 0 
1 2112 0 0 -5.18783e-02 -7.30839e-03 -3.59639e-02 0.939566 0  3.65222e+03  5.90739e+03 -1.70304e+03 0 0 0 
1
1 2112 0 0 -3.19882e-02  4.26828e-02 -1.66106e-01 0.939566 0  1.29030e+03 -5.10278e+03  6.61990e+03 0 0 0 
2
1 2112 0 0 -4.37170e-02 -1.13867e-01 -1.26291e-01 0.939566 0  3.55254e+03  5.91890e+03  6.54794e+03 0 0 0 
1 2112 0 0  2.55962e-01 -1.70565e-01 -1.91166e-01 0.939566 0  3.55254e+03  5.91890e+03  6.54794e+03 0 0 0 
1
1 2112 0 0  4.20661e-02 -1.29621e-01 -1.42407e-01 0.939566 0  6.29332e+03 -2.65650e+03  6.12926e+03 0 0 0 
1
1 2112 0 0  1.39879e-01  8.57061e-02 -7.67144e-02 0.939566 0 -2.55239e+03 -4.15096e+03  6.49715e+03 0 0 0 
1
1 2112 0 0 -3.28045e-02  1.70343e-01 -9.68540e-02 0.939566 0  2.19518e+03  2.11393e+03  6.28882e+03 0 0 0 
1
1 2112 0 0  1.26302e-01 -4.93389e-02 -1.09480e-01 0.939566 0 -2.88664e+03 -3.28960e+03  6.89790e+03 0 0 0 
1
1 2112 0 0 -3.61870e-02 -1.23171e-01 -7.47684e-02 0.939566 0 -2.94852e+03  4.33426e+03  5.79346e+03 0 0 0 
1
1 2112 0 0 -6.16991e-02  3.76228e-03  5.04561e-02 0.939566 0 -3.45388e+03  3.90579e+03  6.53622e+03 0 0 0 
4
1 2112 0 0 -3.27928e-01  3.05361e-01 -1.78410e-01 0.939566 0  5.87107e+03  8.06010e+02  3.99791e+03 0 0 0 
1 2112 0 0  1.06113e-01 -1.93542e-01  8.04067e-02 0.939566 0  5.87107e+03  8.06010e+02  3.99791e+03 0 0 0 
1 2112 0 0  2.89670e-02  7.35129e-02 -3.55011e-01 0.939566 0  5.91663e+03  6.12234e+02  3.78137e+03 0 0 0 
1 2112 0 0 -1.59358e-01  3.66299e-02 -7.48378e-02 0.939566 0  5.86415e+03  8.03414e+02  3.98252e+03 0 0 0 
1
1 2112 0 0  6.85385e-02 -8.56184e-02 -8.65708e-02 0.939566 0  8.94474e+02 -6.28368e+03 -4.57599e+03 0 0 0 
1
1 2112 0 0 -1.56455e-01 -1.28546e-01 -4.50377e-02 0.939566 0  2.21581e+03 -1.73007e+03  6.04047e+03 0 0 0 
1
1 2112 0 0 -1.34444e-01  1.54120e-01 -2.13740e-02 0.939566 0  3.56983e+03 -4.83541e+03  1.69219e+02 0 0 0 
1
1 2112 0 0 -1.19546e-02 -1.56678e-02  4.08058e-02 0.939566 0  2.63269e+03 -2.80831e+03  5.88726e+03 0 0 0 
1
1 2112 0 0 -9.68485e-05  1.76754e-02  7.67311e-02 0.939566 0  9.50181e+02  2.75151e+03  6.59390e+03 0 0 0 
2
1 2112 0 0  4.77048e-02 -1.42221e-01 -1.76346e-02 0.939566 0 -1.57460e+03  7.36291e+01  5.76142e+03 0 0 0 
1 2112 0 0 -6.86500e-02  1.66282e-01 -2.70250e-01 0.939566 0 -1.57460e+03  7.36291e+01  5.76142e+03 0 0 0 
1
1 2112 0 0  1.69888e-01  3.54891e-04 -8.02820e-02 0.939566 0 -6.19544e+03 -2.94286e+03  3.78906e+03 0 0 0 
2
1 2112 0 0  2.26819e-02 -2.62013e-03  1.20921e-01 0.939566 0 -8.94035e+01 -2.32658e+03  6.69821e+03 0 0 0 
1 2112 0 0  1.04967e-01  8.82811e-02 -1.98763e-02 0.939566 0 -8.94035e+01 -2.32658e+03  6.69821e+03 0 0 0 
1
1 2112 0 0  1.29154e-02 -3.46679e-02  5.35376e-02 0.939566 0  8.29757e+01  5.10416e+03  6.82357e+03 0 0 0 
1
1 2112 0 0 -6.83109e-02  1.16099e-01 -6.80956e-03 0.939566 0 -1.50441e+03  4.42583e+03  6.20215e+03 0 0 0 
1
1 2112 0 0 -4.04053e-02  7.16456e-02 -1.38196e-01 0.939566 0 -2.39074e+03 -6.06921e+03  6.68779e+03 0 0 0 
5
1 2112 0 0  8.25758e-03 -1.01392e-01  6.71605e-03 0.939566 0 -5.91756e+03  3.58119e+03  3.51034e+03 0 0 0 
1 2112 0 0  5.28217e-03 -1.26499e-02 -1.13416e-02 0.939566 0 -5.91756e+03  3.58119e+03  3.51034e+03 0 0 0 
1 2112 0 0  1.76465e-01 -1.09936e-01 -1.60339e-01 0.939566 0 -5.77279e+03  3.72602e+03  3.44667e+03 0 0 0 
1 2112 0 0  9.65350e-04  6.75723e-02  3.86938e-03 0.939566 0 -5.77279e+03  3.72602e+03  3.44667e+03 0 0 0 
1 2112 0 0  5.33762e-02  2.20585e-02 -4.59636e-02 0.939566 0 -5.38064e+03  3.57048e+03  3.88725e+03 0 0 0 
2
1 2112 0 0  5.92456e-02 -6.89836e-02  1.24947e-01 0.939566 0 -1.98144e+03  5.14845e+03  6.76625e+03 0 0 0 
1 2112 0 0  8.89467e-02 -6.30307e-02  4.55498e-02 0.939566 0 -2.05850e+03  6.41010e+03  5.98242e+03 0 0 0 
1
1 2112 0 0  1.13742e-01 -2.77198e-04 -1.65316e-03 0.939566 0 -2.53161e+03 -3.39832e+03  6.86912e+03 0 0 0 
1
1 2112 0 0 -8.07906e-03 -4.19756e-03 -6.32866e-02 0.939566 0  3.84509e+02 -1.46025e+03  6.93781e+03 0 0 0 
3
1 2112 0 0 -6.93841e-02 -1.40309e-02  4.50849e-02 0.939566 0  1.17625e+03  1.58736e+03  6.15944e+03 0 0 0 
1 2112 0 0 -2.95037e-02 -2.80755e-02 -5.57028e-02 0.939566 0  1.17625e+03  1.58736e+03  6.15944e+03 0 0 0 
1 2112 0 0 -9.77845e-02 -3.22689e-02  3.39463e-02 0.939566 0  1.17625e+03  1.58736e+03  6.15944e+03 0 0 0 
1
1 2112 0 0 -9.77845e-02 -3.22689e-02  3.39463e-02 0.939566 0  1.17625e+03  1.58736e+03  6.15944e+03 0 0 0 
1
1 2112 0 0 -8.82827e-03  1.00244e-01 -1.84623e-01 0.939566 0  2.59298e+03 -2.81233e+03  6.53442e+03 0 0 0 
3
1 2112 0 0  4.44477e-01  6.75656e-01 -3.58958e-01 0.939566 0 -1.62003e+03  5.75430e+03  4.87664e+03 0 0 0 
1 2112 0 0  1.94853e-02 -3.76273e-02  3.71225e-02 0.939566 0 -9.30633e+02  6.75990e+03  4.35410e+03 0 0 0 
1 2112 0 0 -3.37496e-01  3.42896e-01 -1.39560e-01 0.939566 0 -1.90833e+03  5.08911e+03  4.91397e+03 0 0 0 
3
1 2112 0 0  1.12075e-01  1.26285e-01 -4.02454e-02 0.939566 0  9.83330e+02 -2.82158e+03  6.93638e+03 0 0 0 
1 2112 0 0  1.79976e-02 -2.25100e-02 -1.65506e-01 0.939566 0  8.91052e+02 -2.47151e+03  6.41210e+03 0 0 0 
1 2112 0 0  2.57254e-02  1.52481e-02  1.11608e-02 0.939566 0  9.66554e+02 -2.25083e+03  6.15789e+03 0 0 0 
1
1 2112 0 0 -3.74716e-03 -4.68305e-03 -1.10215e-01 0.939566 0  3.71893e+03  5.55348e+03 -3.59539e+03 0 0 0 
2
1 2112 0 0 -1.71263e-02 -5.41300e-02  2.91161e-02 0.939566 0 -3.06965e+03 -3.74138e+03  5.75477e+03 0 0 0 
1 2112 0 0  1.22739e-01 -6.62418e-02 -9.76809e-02 0.939566 0 -3.06965e+03 -3.74138e+03  5.75477e+03 0 0 0 
1
1 2112 0 0  8.73820e-02 -2.78793e-02  7.59674e-03 0.939566 0  5.90233e+03 -1.98718e+03  6.13599e+03 0 0 0 
1
1 2112 0 0  5.15707e-02  9.84354e-02 -3.04362e-01 0.939566 0  3.54429e+03  4.40875e+02  6.77739e+03 0 0 0 
2
1 2112 0 0  3.69361e-02 -9.92632e-03 -6.28136e-02 0.939566 0 -6.75106e+02 -6.79167e+03 -5.13373e+03 0 0 0 
1 2112 0 0 -1.39089e-01  3.58400e-01 -2.30525e-01 0.939566 0 -9.12261e+02 -6.66250e+03 -5.41397e+03 0 0 0 
1
1 2112 0 0  6.74563e-02 -3.33527e-02 -1.30010e-01 0.939566 0  2.52216e+03 -1.11088e+03  6.71204e+03 0 0 0 
1
1 2112 0 0 -4.67890e-02  1.14575e-01 -7.92326e-02 0.939566 0  3.01061e+03  6.03878e+03 -6.30716e+03 0 0 0 
1
1 2112 0 0  1.34817e-02 -1.09885e-02 -6.15654e-02 0.939566 0 -4.88035e+02 -1.97723e+03  6.69911e+03 0 0 0 
1
1 2112 0 0  4.52006e-02 -2.05664e-02 -7.26697e-02 0.939566 0 -5.28933e+03 -3.88160e+03  6.59734e+03 0 0 0 
1
1 2112 0 0  1.42988e-01 -1.17096e-01 -3.90541e-01 0.939566 0 -3.33210e+03 -6.03011e+03 -6.60603e+03 0 0 0 
1
1 2112 0 0  1.33284e-01 -7.63888e-02 -1.11348e-01 0.939566 0 -6.38098e+03  2.69733e+03 -5.54918e+03 0 0 0 
3
1 2112 0 0 -3.07098e-02 -1.83959e-01 -1.84514e-01 0.939566 0  2.26732e+03 -5.45509e+03  6.07619e+03 0 0 0 
1 2112 0 0  1.12729e-01  1.35026e-01 -5.72578e-02 0.939566 0  2.33367e+03 -5.41018e+03  6.02058e+03 0 0 0 
1 2112 0 0  1.79836e-02 -1.59407e-01 -8.74967e-02 0.939566 0  2.26620e+03 -5.46179e+03  6.06946e+03 0 0 0 
1
1 2112 0 0 -6.74733e-02 -2.83331e-02 -9.15659e-02 0.939566 0 -4.93269e+03 -1.34141e+03  5.64169e+03 0 0 0 
1
1 2112 0 0 -9.44301e-02 -5.01989e-02 -5.38071e-02 0.939566 0  3.87716e+03 -4.60884e+03  6.70999e+03 0 0 0 
3
1 2112 0 0 -2.77584e-02  1.52353e-01 -2.39117e-02 0.939566 0  5.86527e+03 -3.66759e+03 -4.65016e+02 0 0 0 
1 2112 0 0  8.17138e-03 -1.66085e-02  3.07048e-02 0.939566 0  5.26286e+03 -4.29100e+03 -1.34190e+03 0 0 0 
1 2112 0 0 -5.64435e-02 -1.31439e-01 -7.74629e-02 0.939566 0  5.26286e+03 -4.29100e+03 -1.34190e+03 0 0 0 
1
1 2112 0 0  1.29047e-02 -1.62630e-01 -2.94996e-02 0.939566 0 -1.47964e+03 -2.22988e+03  6.53288e+03 0 0 0 
2
1 2112 0 0  7.90812e-02 -1.08366e-01 -2.52831e-03 0.939566 0  3.53755e+03  5.59374e+03  6.67375e+03 0 0 0 
1 2112 0 0  3.00513e-01 -7.70977e-02 -3.19680e-01 0.939566 0  3.53755e+03  5.59374e+03  6.67375e+03 0 0 0 
1
1 2112 0 0 -2.15903e-02  4.84485e-02  3.06137e-02 0.939566 0 -3.96598e+02  2.64811e+03  6.77149e+03 0 0 0 
3
1 2112 0 0  2.65330e-02  2.88279e-03 -5.68654e-03 0.939566 0  6.28530e+03  2.88133e+03  3.19863e+03 0 0 0 
1 2112 0 0 -4.26031e-03  2.89464e-02 -1.59438e-02 0.939566 0  6.28530e+03  2.88133e+03  3.19863e+03 0 0 0 
1 2112 0 0 -2.07722e-02  5.11199e-03  9.93015e-02 0.939566 0  6.28530e+03  2.88133e+03  3.19863e+03 0 0 0 
1
1 2112 0 0 -8.64037e-02  4.63905e-02 -1.14291e-01 0.939566 0  6.06325e+02 -2.74111e+03  6.45922e+03 0 0 0 
2
1 2112 0 0 -2.58954e-02 -1.26812e-02 -3.37101e-02 0.939566 0  5.33283e+02 -3.53885e+03  6.44567e+03 0 0 0 
1 2112 0 0  2.53153e-02 -3.45706e-02  8.61363e-04 0.939566 0  8.29387e+02 -2.11162e+03  6.96208e+03 0 0 0 
2
1 2112 0 0  9.15753e-02 -6.22900e-02 -3.49512e-01 0.939566 0 -5.80642e+03  6.47023e+02  6.54496e+03 0 0 0 
1 2112 0 0 -2.82394e-02 -7.29939e-02 -3.94253e-02 0.939566 0 -5.85850e+03  3.77640e+02  5.79383e+03 0 0 0 
1
1 2112 0 0 -1.17529e-01  4.22264e-02  2.88054e-02 0.939566 0  4.36321e+03 -8.61608e+02  4.74681e+03 0 0 0 
1
1 2112 0 0  1.47581e-01  8.99169e-02 -1.59847e-02 0.939566 0 -1.96233e+03 -6.15213e+03 -2.29934e+03 0 0 0 
1
1 2112 0 0 -3.08370e-02 -4.90022e-03 -5.57291e-02 0.939566 0 -6.89298e+03  9.91679e+02 -6.97170e+03 0 0 0 
2
1 2112 0 0  8.46732e-02  8.68735e-03  4.55919e-02 0.939566 0  2.09222e+03  6.16214e+03  6.79066e+03 0 0 0 
1 2112 0 0 -9.64661e-03  5.03966e-02 -1.52960e-02 0.939566 0  2.50903e+03  5.99530e+03  6.18221e+03 0 0 0 
2
1 2112 0 0  4.17606e-02 -9.79605e-03 -5.43454e-02 0.939566 0  6.22109e+03 -2.03132e+01 -6.13406e+02 0 0 0 
1 2112 0 0 -4.13476e-02  1.25368e-01 -6.53916e-03 0.939566 0  6.22109e+03 -2.03132e+01 -6.13406e+02 0 0 0 
1
1 2112 0 0  1.08229e-01 -1.55716e-02  7.01847e-03 0.939566 0  4.67374e+03  4.01410e+03  6.95254e+03 0 0 0 
1
1 2112 0 0  1.29803e-01  2.61929e-02 -6.49891e-02 0.939566 0  2.50914e+03  5.08083e+03  6.61284e+03 0 0 0 
2
1 2112 0 0  1.20313e-01 -2.94807e-02 -9.26374e-02 0.939566 0  4.04028e+03  5.28717e+03  6.19208e+03 0 0 0 
1 2112 0 0  1.14267e-01 -1.51062e-01 -1.22977e-01 0.939566 0  4.04028e+03  5.28717e+03  6.19208e+03 0 0 0 
1
1 2112 0 0 -5.70037e-02  7.52494e-03 -1.39385e-01 0.939566 0  1.46213e+03 -5.70539e+03  6.66318e+03 0 0 0 
2
1 2112 0 0 -9.87975e-02 -1.61727e-01  6.32203e-02 0.939566 0 -6.46573e+03  1.88715e+03  4.46417e+03 0 0 0 
1 2112 0 0  5.72160e-02 -1.15631e-02  3.80139e-02 0.939566 0 -6.41864e+03  1.87060e+03  4.45546e+03 0 0 0 
4
1 2112 0 0 -4.50962e-02 -7.35298e-02  6.59463e-02 0.939566 0 -5.87925e+02  3.54100e+03  6.85928e+03 0 0 0 
1 2112 0 0  3.41726e-01 -1.07089e-01 -1.82402e-01 0.939566 0 -3.72973e+02  3.60475e+03  6.94964e+03 0 0 0 
1 2112 0 0 -1.48697e-01  9.85963e-02  5.20165e-02 0.939566 0 -3.72973e+02  3.60475e+03  6.94964e+03 0 0 0 
1 2112 0 0  2.54512e-01 -1.78403e-02 -5.47935e-02 0.939566 0 -3.63823e+02  3.60188e+03  6.94476e+03 0 0 0 
2
1 2112 0 0  1.83973e-01  1.09449e-01 -4.78273e-02 0.939566 0 -6.18402e+02 -5.32401e+03  5.86340e+03 0 0 0 
1 2112 0 0  3.69767e-02  4.93070e-02 -2.25064e-02 0.939566 0 -1.15945e+03 -5.34926e+03  5.03771e+03 0 0 0 
1
1 2112 0 0  5.49430e-02 -1.01140e-03  1.09600e-01 0.939566 0 -5.45130e+03  4.24689e+03 -5.22939e+03 0 0 0 
2
1 2112 0 0  2.19528e-02  5.72195e-02 -1.07422e-01 0.939566 0 -2.26310e+02  4.91708e+02  6.68417e+03 0 0 0 
1 2112 0 0  1.32831e-02  7.41277e-02 -9.45720e-02 0.939566 0 -4.35999e+02  6.27996e+02  5.06169e+03 0 0 0 
3
1 2112 0 0 -1.31062e-01  2.19658e-01 -2.30140e-01 0.939566 0  4.04841e+03  5.16091e+03  8.57193e+02 0 0 0 
1 2112 0 0 -7.34989e-02 -3.28049e-02 -3.54132e-03 0.939566 0  3.75756e+03  4.21687e+03  7.08898e+02 0 0 0 
1 2112 0 0 -2.10518e-01  6.65913e-02 -2.08353e-01 0.939566 0  3.86344e+03  5.42677e+03  5.25611e+02 0 0 0 
6
1 2112 0 0  1.33367e-01  1.07092e-01  3.20336e-02 0.939566 0  4.29683e+03  2.33927e+03  6.17164e+03 0 0 0 
1 2112 0 0 -1.25100e-02 -5.56133e-02 -3.44981e-01 0.939566 0  4.33876e+03  2.37309e+03  6.12937e+03 0 0 0 
1 2112 0 0  1.35431e-01 -2.87825e-02 -1.25020e-01 0.939566 0  4.33876e+03  2.37309e+03  6.12937e+03 0 0 0 
1 2112 0 0 -1.71179e-01 -1.81964e-01 -2.74329e-01 0.939566 0  4.13215e+03  2.44619e+03  5.70593e+03 0 0 0 
1 2112 0 0  4.28363e-02 -3.03414e-02 -2.51565e-02 0.939566 0  4.13215e+03  2.44619e+03  5.70593e+03 0 0 0 
1 2112 0 0  4.49283e-01  7.24899e-02 -1.34219e-01 0.939566 0  4.82638e+03  2.67821e+03  4.69773e+03 0 0 0 
1
1 2112 0 0 -7.57494e-03 -1.43673e-01 -2.66621e-01 0.939566 0 -2.33975e+03 -2.18649e+03  6.66861e+03 0 0 0 
11
1 2112 0 0  1.30634e-01 -4.49372e-01 -1.33009e-01 0.939566 0  5.06381e+03  4.56588e+03  3.40289e+01 0 0 0 
1 2112 0 0 -3.32699e-02 -1.10065e-01 -8.75320e-03 0.939566 0  5.13149e+03  4.55077e+03 -1.83607e+02 0 0 0 
1 2112 0 0  8.70993e-02  2.30478e-01 -4.33840e-01 0.939566 0  5.05985e+03  4.68474e+03  3.80040e+01 0 0 0 
1 2112 0 0  5.86634e-02 -5.46939e-02  1.73899e-01 0.939566 0  5.05985e+03  4.68474e+03  3.80040e+01 0 0 0 
1 2112 0 0  1.63136e-01 -3.30552e-01  6.43658e-03 0.939566 0  5.05735e+03  4.68614e+03  4.11260e+01 0 0 0 
1 2112 0 0 -5.84127e-02  3.00096e-01 -4.08955e-01 0.939566 0  4.50490e+03  4.88525e+03 -1.16953e+03 0 0 0 
1 2112 0 0 -4.61678e-01 -1.43676e-01  8.11197e-02 0.939566 0  4.50490e+03  4.88525e+03 -1.16953e+03 0 0 0 
1 2112 0 0  3.91373e-01 -1.78281e-02 -1.69089e-01 0.939566 0  4.50490e+03  4.88525e+03 -1.16953e+03 0 0 0 
1 2112 0 0 -3.31253e-02  1.26853e-02  3.72274e-02 0.939566 0  3.65402e+03  4.62045e+03 -1.02003e+03 0 0 0 
1 2112 0 0 -1.79046e-01 -1.83561e-04  7.24894e-02 0.939566 0  3.30622e+03  4.45654e+03 -8.99413e+02 0 0 0 
1 2112 0 0 -4.06354e-02 -5.25567e-02  8.16371e-02 0.939566 0  3.27344e+03  3.96197e+03 -4.97611e+02 0 0 0 
1
1 2112 0 0  4.65283e-02  4.20612e-02 -6.72045e-02 0.939566 0 -6.23645e+03 -3.10846e+03  4.75432e+03 0 0 0 
1
1 2112 0 0  5.64942e-02  5.93248e-02 -2.53335e-01 0.939566 0 -3.12198e+03  1.20108e+03  6.71912e+03 0 0 0 
1
1 2112 0 0  9.45909e-02  8.61158e-02 -2.64921e-02 0.939566 0  2.89863e+03  6.33181e+03  6.96879e+03 0 0 0 
1
1 2112 0 0 -6.31822e-02 -1.18355e-02 -1.22219e-01 0.939566 0  2.15295e+03  4.52218e+02  6.80573e+03 0 0 0 
1
1 2112 0 0  4.42679e-02  1.63074e-01 -3.41502e-03 0.939566 0 -2.05311e+03 -6.35744e+03 -1.82128e+03 0 0 0 
4
1 2112 0 0  5.53053e-02  2.67532e-01 -2.35968e-01 0.939566 0 -5.11244e+03 -4.27055e+03  9.37938e+02 0 0 0 
1 2112 0 0  2.75703e-01  1.50480e-01 -1.87681e-01 0.939566 0 -4.84990e+03 -4.28467e+03  3.10904e+02 0 0 0 
1 2112 0 0 -1.51097e-03 -4.08030e-03 -5.00418e-03 0.939566 0 -4.72883e+03 -4.24202e+03  2.33060e+02 0 0 0 
1 2112 0 0 -5.18672e-02 -1.23929e-01 -2.16202e-02 0.939566 0 -4.72883e+03 -4.24202e+03  2.33060e+02 0 0 0 
1
1 2112 0 0 -3.15629e-02  2.20162e-01 -6.76608e-02 0.939566 0 -2.72750e+03  5.16724e+03  5.74474e+03 0 0 0 
2
1 2112 0 0 -9.20840e-03  3.87604e-02 -7.31473e-03 0.939566 0  6.09476e+03 -9.21863e+00  6.73476e+03 0 0 0 
1 2112 0 0  1.10835e-01  8.03382e-02  3.66430e-02 0.939566 0  6.09476e+03 -9.21863e+00  6.73476e+03 0 0 0 
1
1 2112 0 0  7.47255e-03 -2.00506e-02  9.71007e-03 0.939566 0 -1.06791e+03  3.17704e+03  6.92510e+03 0 0 0 
2
1 2112 0 0  2.27002e-02 -4.60257e-03 -7.72822e-02 0.939566 0  5.76924e+03  1.96783e+03  6.48911e+03 0 0 0 
1 2112 0 0  1.79058e-01 -5.49949e-02 -4.62396e-03 0.939566 0  5.91158e+03  1.95691e+03  6.41900e+03 0 0 0 
3
1 2112 0 0  1.11731e-01 -6.34871e-02 -1.00745e-01 0.939566 0  3.13802e+03  4.48286e+03 -1.51380e+03 0 0 0 
1 2112 0 0  7.42740e-02  4.38975e-02  5.18221e-02 0.939566 0  3.13802e+03  4.48286e+03 -1.51380e+03 0 0 0 
1 2112 0 0  5.24809e-02 -4.92220e-01 -1.27326e-01 0.939566 0  3.13802e+03  4.48286e+03 -1.51380e+03 0 0 0 
1
1 2112 0 0  1.22205e-01  1.17852e-01 -1.82616e-01 0.939566 0 -4.72025e+03  4.96275e+03  6.56698e+03 0 0 0 
2
1 2112 0 0 -2.01008e-01  1.89065e-01 -2.00885e-01 0.939566 0 -4.85671e+02  3.40332e+03  6.55056e+03 0 0 0 
1 2112 0 0  1.39150e-01  2.67115e-02  5.88695e-02 0.939566 0 -1.74570e+02  3.44431e+03  6.32327e+03 0 0 0 
1
1 2112 0 0  2.53076e-02 -1.26945e-02 -5.29159e-02 0.939566 0  6.47818e+03 -2.03480e+03 -2.19396e+03 0 0 0 
2
1 2112 0 0 -8.92552e-02  2.79160e-02 -5.08944e-02 0.939566 0 -1.42412e+03 -2.74475e+03  6.30425e+03 0 0 0 
1 2112 0 0  4.05629e-02 -4.18722e-02  3.95664e-03 0.939566 0 -1.51786e+03 -2.82542e+03  6.26631e+03 0 0 0 
2
1 2112 0 0 -5.15979e-02  1.69790e-02  4.16266e-02 0.939566 0 -4.29547e+03 -2.94517e+03  6.57520e+03 0 0 0 
1 2112 0 0  5.76397e-02  1.08739e-01 -2.02081e-03 0.939566 0 -4.29547e+03 -2.94517e+03  6.57520e+03 0 0 0 
2
1 2112 0 0 -4.89801e-02  7.90232e-02 -2.86237e-01 0.939566 0 -3.50504e+03 -5.12352e+03  5.38678e+03 0 0 0 
1 2112 0 0  6.13684e-03 -2.42895e-01 -5.04313e-04 0.939566 0 -3.71352e+03 -5.37965e+03  5.23977e+03 0 0 0 
3
1 2112 0 0 -1.23681e-02 -2.85321e-02 -2.88290e-02 0.939566 0 -4.73974e+02 -3.19366e+03  6.25651e+03 0 0 0 
1 2112 0 0  3.42850e-02  5.58197e-02  4.81481e-02 0.939566 0 -4.73974e+02 -3.19366e+03  6.25651e+03 0 0 0 
1 2112 0 0 -7.58100e-02 -8.61512e-02 -2.92928e-02 0.939566 0 -4.73974e+02 -3.19366e+03  6.25651e+03 0 0 0 
1
1 2112 0 0 -1.83815e-05 -1.39158e-01 -1.54336e-01 0.939566 0 -4.57022e+03 -3.78503e+03  6.70053e+03 0 0 0 
1
1 2112 0 0  1.07387e-01  3.11113e-03 -1.56843e-01 0.939566 0 -5.92627e+03  3.57530e+03 -1.97208e+03 0 0 0 
1
1 2112 0 0  1.07387e-01  3.11113e-03 -1.56843e-01 0.939566 0 -5.92627e+03  3.57530e+03 -1.97208e+03 0 0 0 
1
1 2112 0 0  7.79707e-02 -7.27090e-02  1.20686e-02 0.939566 0  6.23538e+02 -1.63924e+03  6.74445e+03 0 0 0 
1
1 2112 0 0 -2.89430e-02  1.23962e-01 -9.94202e-02 0.939566 0 -5.43986e+02 -2.18559e+03  6.97269e+03 0 0 0 
1
1 2112 0 0  4.07145e-02 -8.44120e-02 -2.09764e-02 0.939566 0  4.65754e+03  1.09923e+02  6.94988e+03 0 0 0 
3
1 2112 0 0  5.85236e-02 -2.82678e-02 -1.93853e-01 0.939566 0 -2.95451e+03  6.22585e+03 -6.32618e+03 0 0 0 
1 2112 0 0 -2.24417e-02  4.73997e-02  5.44265e-02 0.939566 0 -2.44607e+03  6.12406e+03 -6.67560e+03 0 0 0 
1 2112 0 0  5.76251e-02  1.35130e-01 -6.96224e-02 0.939566 0 -2.44607e+03  6.12406e+03 -6.67560e+03 0 0 0 
3
1 2112 0 0 -2.52971e-02  5.53390e-02 -8.98283e-02 0.939566 0 -4.04077e+03 -4.60143e+03  6.81437e+03 0 0 0 
1 2112 0 0  4.55388e-02  4.79639e-03  6.51254e-03 0.939566 0 -4.04077e+03 -4.60143e+03  6.81437e+03 0 0 0 
1 2112 0 0  1.06638e-01 -2.98740e-02 -3.78324e-02 0.939566 0 -4.04077e+03 -4.60143e+03  6.81437e+03 0 0 0 
2
1 2112 0 0 -4.79294e-02  9.85109e-02 -2.75262e-02 0.939566 0  2.14479e+03 -3.02734e+03  6.90660e+03 0 0 0 
1 2112 0 0  1.76465e-01  6.44885e-02  3.40124e-02 0.939566 0  2.14479e+03 -3.02734e+03  6.90660e+03 0 0 0 
2
1 2112 0 0  3.70921e-03 -4.05097e-02 -6.23993e-02 0.939566 0 -6.28173e+02  5.65829e+03  5.02619e+03 0 0 0 
1 2112 0 0 -1.32054e-01  9.51052e-02 -9.66219e-02 0.939566 0 -6.28173e+02  5.65829e+03  5.02619e+03 0 0 0 
2
1 2112 0 0  7.66480e-04 -8.64639e-02 -3.22899e-02 0.939566 0  2.35214e+03 -3.14906e+03  6.94015e+03 0 0 0 
1 2112 0 0  6.33252e-03 -8.98869e-02  1.14522e-01 0.939566 0  2.08948e+03 -3.11927e+03  6.31791e+03 0 0 0 
1
1 2112 0 0 -1.55601e-02  1.30072e-01  5.92031e-02 0.939566 0 -7.57650e+02  1.35218e+02  6.89955e+03 0 0 0 
1
1 2112 0 0 -1.22690e-01  2.08191e-01 -1.22250e-01 0.939566 0 -4.59028e+03  4.87213e+03  3.22126e+03 0 0 0 
1
1 2112 0 0  1.47332e-01 -2.19992e-03 -2.92952e-01 0.939566 0 -1.91860e+03  3.95006e+03  6.92423e+03 0 0 0 
2
1 2112 0 0 -1.27916e-01 -1.52278e-01 -1.98218e-01 0.939566 0 -1.06437e+03  5.28822e+03  5.79846e+03 0 0 0 
1 2112 0 0  1.09000e-01  6.57654e-02  2.76524e-02 0.939566 0 -1.06845e+03  5.30433e+03  5.78025e+03 0 0 0 
1
1 2112 0 0  1.25950e-03  2.69754e-02 -1.04195e-01 0.939566 0  6.34831e+03  2.81616e+03  1.14375e+03 0 0 0 
1
1 2112 0 0  3.88343e-02 -2.15854e-01 -4.87389e-03 0.939566 0  4.87973e+03  5.66783e+02  6.85911e+03 0 0 0 
2
1 2112 0 0  2.67125e-02  1.85993e-01 -2.03570e-01 0.939566 0  3.27833e+03  3.81244e+03  6.46379e+03 0 0 0 
1 2112 0 0 -9.88673e-02  6.67473e-02 -2.50240e-01 0.939566 0  3.27833e+03  3.81244e+03  6.46379e+03 0 0 0 
1
1 2112 0 0 -8.08356e-02  1.90711e-02 -2.10877e-02 0.939566 0 -4.11671e+03  5.19039e+03 -1.05825e+03 0 0 0 
1
1 2112 0 0  1.86352e-03 -2.70769e-02  7.76603e-02 0.939566 0 -6.67510e+03 -1.92972e+02 -2.66583e+03 0 0 0 
1
1 2112 0 0 -3.02254e-02  2.57262e-02  5.26573e-03 0.939566 0  3.35840e+03 -4.08010e+03  5.94273e+03 0 0 0 
1
1 2112 0 0 -1.63982e-01  4.53322e-02 -8.95500e-02 0.939566 0 -3.45470e+03  9.34272e+02  6.91386e+03 0 0 0 
2
1 2112 0 0  5.48052e-02  3.16484e-02 -1.77795e-02 0.939566 0 -7.39428e+02  2.31465e+03  6.21669e+03 0 0 0 
1 2112 0 0  4.36304e-02 -8.13075e-02 -1.24167e-01 0.939566 0 -7.39428e+02  2.31465e+03  6.21669e+03 0 0 0 
2
1 2112 0 0  1.18469e-01 -1.34493e-02 -7.48189e-02 0.939566 0 -4.06525e+03  3.66065e+03  6.33414e+03 0 0 0 
1 2112 0 0 -2.21222e-02 -4.34142e-02 -1.28855e-01 0.939566 0 -3.91447e+03  4.25381e+03  3.93458e+03 0 0 0 
3
1 2112 0 0 -2.15352e-01 -2.72134e-01 -4.02619e-02 0.939566 0  4.03306e+03  4.90067e+03 -1.16849e+03 0 0 0 
1 2112 0 0  1.11262e-01 -5.59660e-02 -9.10820e-02 0.939566 0  4.03306e+03  4.90067e+03 -1.16849e+03 0 0 0 
1 2112 0 0 -3.00016e-02  3.87551e-02 -9.09180e-02 0.939566 0  3.97973e+03  4.85322e+03 -1.34680e+03 0 0 0 
1
1 2112 0 0 -1.37973e-02 -1.29123e-01 -1.65180e-01 0.939566 0 -2.79002e+03 -5.99174e+03  6.91099e+03 0 0 0 
1
1 2112 0 0  1.73014e-02 -1.38093e-01 -1.51422e-01 0.939566 0 -4.66659e+02 -6.86146e+03  6.76047e+03 0 0 0 
3
1 2112 0 0 -4.28688e-02  1.92701e-02 -1.20561e-01 0.939566 0  4.32316e+03 -2.60187e+03  6.27354e+03 0 0 0 
1 2112 0 0  3.10804e-02  4.97584e-02  3.06661e-02 0.939566 0  4.32316e+03 -2.60187e+03  6.27354e+03 0 0 0 
1 2112 0 0  9.83589e-02 -8.76439e-02  2.61675e-02 0.939566 0  4.32316e+03 -2.60187e+03  6.27354e+03 0 0 0 
1
1 2112 0 0  7.88619e-03  3.59667e-02 -8.08583e-02 0.939566 0  1.45821e+03 -4.14919e+03  6.73312e+03 0 0 0 
3
1 2112 0 0 -1.23774e-01  4.01410e-03 -6.97199e-02 0.939566 0  4.27945e+03  4.46552e+03  5.94013e+03 0 0 0 
1 2112 0 0 -3.49756e-02 -6.14815e-03 -6.82212e-02 0.939566 0  4.43229e+03  4.61858e+03  5.06712e+03 0 0 0 
1 2112 0 0  4.40173e-02 -1.70856e-02 -6.78889e-02 0.939566 0  4.43229e+03  4.61858e+03  5.06712e+03 0 0 0 
1
1 2112 0 0  1.46671e-02  5.10140e-02  1.20368e-02 0.939566 0  4.95387e+03  3.36867e+03  6.93885e+03 0 0 0 
1
1 2112 0 0 -4.02438e-02  4.14876e-02 -2.83829e-02 0.939566 0  2.69358e+03 -1.74582e+03  6.62330e+03 0 0 0 
1
1 2112 0 0 -4.02438e-02  4.14876e-02 -2.83829e-02 0.939566 0  2.69358e+03 -1.74582e+03  6.62330e+03 0 0 0 
1
1 2112 0 0  8.33335e-02  3.76672e-03 -7.96035e-02 0.939566 0 -1.72515e+03  4.23287e+03  6.98075e+03 0 0 0 
1
1 2112 0 0  1.39382e-01 -4.03108e-02 -5.95642e-02 0.939566 0 -4.93239e+03 -1.02824e+03  6.89421e+03 0 0 0 
2
1 2112 0 0  1.16007e-01 -2.16909e-03  4.44799e-02 0.939566 0  3.23962e+03 -5.54353e+03  5.84867e+03 0 0 0 
1 2112 0 0 -1.11499e-01  6.90041e-02  6.73052e-02 0.939566 0  3.23962e+03 -5.54353e+03  5.84867e+03 0 0 0 
2
1 2112 0 0  1.04906e-01 -7.54152e-02 -1.84271e-02 0.939566 0  3.73485e+03 -1.63972e+02  5.24782e+03 0 0 0 
1 2112 0 0  1.12459e-02 -7.83066e-02  8.15023e-02 0.939566 0  3.57193e+03 -1.75600e+02  5.19756e+03 0 0 0 
1
1 2112 0 0 -2.76691e-01  4.74248e-02 -2.38434e-01 0.939566 0 -6.16882e+03 -2.90858e+03  6.82084e+03 0 0 0 
8
1 2112 0 0  1.81817e-01  7.91211e-02 -1.08981e+00 0.939566 0  6.22209e+03 -1.14164e+03  6.96047e+03 0 0 0 
1 2112 0 0 -1.50502e-01 -2.56047e-01  2.11340e-01 0.939566 0  6.27555e+03 -1.11838e+03  6.64003e+03 0 0 0 
1 2112 0 0 -1.15741e-01  1.27594e-01 -1.06433e-01 0.939566 0  6.27555e+03 -1.11838e+03  6.64003e+03 0 0 0 
1 2112 0 0 -6.68002e-02 -2.35332e-02  5.17406e-02 0.939566 0  6.27555e+03 -1.11838e+03  6.64003e+03 0 0 0 
1 2112 0 0 -1.90575e-02 -1.02871e-01 -1.34489e-01 0.939566 0  6.22073e+03 -1.21164e+03  6.71701e+03 0 0 0 
1 2112 0 0 -3.70808e-01 -1.96678e-01 -4.83999e-02 0.939566 0  6.19798e+03 -1.14002e+03  6.98013e+03 0 0 0 
1 2112 0 0  3.41024e-03  1.61284e-01 -6.94301e-01 0.939566 0  6.56471e+03 -1.20218e+03  5.76368e+03 0 0 0 
1 2112 0 0 -1.10420e-01 -1.78502e-02 -5.04776e-02 0.939566 0  6.47559e+03 -8.08776e+02  5.13742e+03 0 0 0 
1
1 2112 0 0  1.09460e-02 -1.51750e-01 -5.71648e-02 0.939566 0  6.10693e+03  3.12360e+03  6.97376e+03 0 0 0 
2
1 2112 0 0  5.75484e-02 -2.91293e-02 -5.88574e-02 0.939566 0 -1.69255e+03 -6.69594e+03 -8.24987e+02 0 0 0 
1 2112 0 0  7.99814e-02  9.86199e-02  1.08946e-02 0.939566 0 -1.69255e+03 -6.69594e+03 -8.24987e+02 0 0 0 
2
1 2112 0 0 -7.20469e-04  4.56855e-02 -2.08050e-01 0.939566 0  3.60110e+03 -5.73530e+03  1.55501e+03 0 0 0 
1 2112 0 0 -2.63502e-01 -2.36880e-01  1.01928e-01 0.939566 0  3.60110e+03 -5.73530e+03  1.55501e+03 0 0 0 
1
1 2112 0 0 -2.63502e-01 -2.36880e-01  1.01928e-01 0.939566 0  3.60110e+03 -5.73530e+03  1.55501e+03 0 0 0 
2
1 2112 0 0 -3.01687e-01 -8.95116e-02  1.82750e-02 0.939566 0  4.16676e+03 -5.53261e+03 -1.45833e+03 0 0 0 
1 2112 0 0 -1.00805e-02 -1.42921e-02  2.11432e-05 0.939566 0  4.21619e+03 -5.55597e+03 -1.65655e+03 0 0 0 
1
1 2112 0 0  4.60526e-02  1.29513e-01 -5.28179e-02 0.939566 0  7.05959e+01  3.92146e+02  6.89081e+03 0 0 0 
3
1 2112 0 0 -1.53151e-01  2.96559e-03 -1.78606e-01 0.939566 0 -4.67911e+03 -2.63248e+03  6.21615e+03 0 0 0 
1 2112 0 0 -5.60088e-02 -8.78527e-02 -1.52868e-01 0.939566 0 -4.67911e+03 -2.63248e+03  6.21615e+03 0 0 0 
1 2112 0 0 -9.73805e-02 -1.83683e-02  4.14871e-02 0.939566 0 -4.11765e+03 -7.84302e+02  5.30902e+03 0 0 0 
1
1 2112 0 0 -1.64118e-01 -7.67186e-02 -1.83288e-02 0.939566 0 -4.76060e+03 -3.02140e+03  6.49282e+03 0 0 0 
1
1 2112 0 0  6.29085e-02 -1.41004e-02 -1.67174e-01 0.939566 0  3.46086e+03 -4.33254e+03  6.90556e+03 0 0 0 
2
1 2112 0 0 -9.63491e-02  2.65683e-02  4.15610e-03 0.939566 0  3.38451e+03 -3.16529e+02  6.23943e+03 0 0 0 
1 2112 0 0  6.90452e-02 -1.31173e-02 -3.21632e-01 0.939566 0  3.71049e+03 -9.00885e+01  5.93448e+03 0 0 0 
1
1 2112 0 0  6.94405e-02  6.45530e-02 -7.06370e-02 0.939566 0 -7.03831e+02  9.77721e+02  6.53352e+03 0 0 0 
6
1 2112 0 0 -3.78045e-02  3.95071e-01 -3.15858e-02 0.939566 0 -5.98962e+03  7.03949e+02  3.42565e+03 0 0 0 
1 2112 0 0  1.09903e-01 -3.34445e-03 -1.40390e-02 0.939566 0 -5.89993e+03  7.02737e+02  3.27597e+03 0 0 0 
1 2112 0 0  2.67253e-01 -3.04285e-01  2.52610e-01 0.939566 0 -5.78206e+03  6.77640e+02  3.21632e+03 0 0 0 
1 2112 0 0 -6.52576e-04 -5.29344e-02  4.59815e-02 0.939566 0 -3.93546e+03 -7.21674e+02  4.03216e+03 0 0 0 
1 2112 0 0 -3.86612e-02 -4.80685e-02  7.70637e-02 0.939566 0 -6.34364e+03  5.09403e+02  4.29003e+03 0 0 0 
1 2112 0 0  8.90233e-02 -1.11063e-01 -4.57384e-02 0.939566 0 -3.93546e+03 -7.21674e+02  4.03216e+03 0 0 0 
2
1 2112 0 0  5.18826e-02 -4.40036e-02 -1.31319e-02 0.939566 0 -3.49336e+03  5.68332e+03  6.63691e+03 0 0 0 
1 2112 0 0 -9.45791e-02  6.79913e-02 -4.42132e-03 0.939566 0 -3.49336e+03  5.68332e+03  6.63691e+03 0 0 0 
5
1 2112 0 0  3.41219e-02 -2.75712e-01 -8.88240e-01 0.939566 0  1.15199e+03  3.52131e+03  5.88361e+03 0 0 0 
1 2112 0 0 -1.69762e-01  3.45889e-01  1.55525e-01 0.939566 0  1.15199e+03  3.52131e+03  5.88361e+03 0 0 0 
1 2112 0 0  4.61219e-02  2.17702e-01 -1.09032e-01 0.939566 0  2.17188e+03  1.77881e+03  1.90500e+03 0 0 0 
1 2112 0 0  1.05117e-01  7.51145e-02 -2.40558e-01 0.939566 0  9.04453e+02  3.63671e+03  4.57418e+03 0 0 0 
1 2112 0 0 -4.95863e-02  4.18492e-02  1.19492e-02 0.939566 0 -1.96585e+03  1.26873e+03  3.54827e+03 0 0 0 
4
1 2112 0 0  3.81214e-02 -1.55452e-02 -1.50123e-02 0.939566 0 -3.20770e+03  9.95031e+02  6.47736e+03 0 0 0 
1 2112 0 0  1.44691e-02 -1.16342e-02 -2.75910e-02 0.939566 0 -3.20770e+03  9.95031e+02  6.47736e+03 0 0 0 
1 2112 0 0 -9.30294e-02  1.30741e-01 -3.16963e-01 0.939566 0 -3.20931e+03  9.95388e+02  6.47559e+03 0 0 0 
1 2112 0 0 -8.89421e-02  1.14911e-01 -1.42563e-01 0.939566 0 -3.21089e+03  9.97622e+02  6.47017e+03 0 0 0 
2
1 2112 0 0 -7.07637e-03 -2.11275e-02 -5.58562e-02 0.939566 0  6.26962e+03  1.55833e+03  6.02787e+03 0 0 0 
1 2112 0 0 -1.08612e-02 -5.23474e-02 -5.79526e-02 0.939566 0  6.26962e+03  1.55833e+03  6.02787e+03 0 0 0 
3
1 2112 0 0  1.81585e-01 -2.29900e-01 -9.23864e-02 0.939566 0  3.04234e+03  2.08541e+03  6.76818e+03 0 0 0 
1 2112 0 0  6.55111e-02  1.02734e-01  2.25883e-02 0.939566 0  3.04234e+03  2.08541e+03  6.76818e+03 0 0 0 
1 2112 0 0 -4.54052e-02  9.21456e-02 -1.54093e-01 0.939566 0  2.88934e+03  2.80249e+03  6.35871e+03 0 0 0 
4
1 2112 0 0  1.57034e-01 -3.31395e-02 -2.48360e-02 0.939566 0 -4.06365e+03  3.65192e+03  5.40928e+03 0 0 0 
1 2112 0 0  7.02281e-02 -7.00837e-04  2.55139e-01 0.939566 0 -5.21034e+03  4.17360e+03  4.27218e+03 0 0 0 
1 2112 0 0 -8.31858e-02  5.22729e-02 -2.83972e-01 0.939566 0 -5.21034e+03  4.17360e+03  4.27218e+03 0 0 0 
1 2112 0 0 -2.82375e-01  2.48417e-01 -1.62940e-01 0.939566 0 -5.37801e+03  4.44511e+03  4.00973e+03 0 0 0 
8
1 2112 0 0  7.74663e-01  1.51932e-02 -6.07980e-01 0.939566 0 -2.84027e+03  5.54261e+03  5.23606e+03 0 0 0 
1 2112 0 0 -4.68114e-02 -2.59436e-01  2.92007e-02 0.939566 0 -2.15389e+03  5.55608e+03  4.69737e+03 0 0 0 
1 2112 0 0  7.72259e-02  6.27675e-02  5.59300e-02 0.939566 0 -1.97142e+03  5.78991e+03  4.45970e+03 0 0 0 
1 2112 0 0 -1.48527e-01 -1.18975e-01 -1.95918e-01 0.939566 0 -1.59833e+03  6.01367e+03  4.03900e+03 0 0 0 
1 2112 0 0  3.66879e-01 -2.98559e-01  2.75832e-01 0.939566 0 -2.05767e+03  5.09906e+03  4.73884e+03 0 0 0 
1 2112 0 0  6.25730e-03  3.14760e-01 -1.00836e-01 0.939566 0 -2.05767e+03  5.09906e+03  4.73884e+03 0 0 0 
1 2112 0 0 -3.54094e-03  2.99169e-02  4.90120e-02 0.939566 0 -1.22535e+03  4.43551e+03  5.38383e+03 0 0 0 
1 2112 0 0 -8.18123e-02  7.64296e-02 -1.75908e-01 0.939566 0 -2.04353e+03  5.80989e+03  4.51112e+03 0 0 0 
1
1 2112 0 0  9.38429e-02 -1.01808e-01 -1.28542e-01 0.939566 0  4.87565e+03  4.67543e+03 -6.56736e+03 0 0 0 
1
1 2112 0 0  5.65306e-02 -3.09727e-02 -1.68563e-02 0.939566 0  4.11187e+03  2.17352e+03  6.52329e+03 0 0 0 
1
1 2112 0 0  2.22030e-02  1.41908e-01  6.75399e-02 0.939566 0 -2.45291e+03  2.23913e+03  5.30537e+03 0 0 0 
1
1 2112 0 0  1.65753e-02 -1.29710e-01 -1.04582e-01 0.939566 0  4.96536e+03  4.69735e+03 -3.67506e+03 0 0 0 
1
1 2112 0 0 -4.20458e-02  8.87547e-02  3.33016e-02 0.939566 0 -3.64190e+02  4.64675e+02  5.93202e+03 0 0 0 
1
1 2112 0 0  8.01847e-02 -2.20012e-03 -8.95029e-02 0.939566 0  1.77455e+03  3.33565e+03  6.96903e+03 0 0 0 
2
1 2112 0 0  1.02282e-02  4.10754e-02 -6.66839e-03 0.939566 0  4.67185e+03 -4.91722e+03 -1.12370e+03 0 0 0 
1 2112 0 0  8.21672e-02 -4.46571e-02 -6.40706e-02 0.939566 0  4.67185e+03 -4.91722e+03 -1.12370e+03 0 0 0 
1
1 2112 0 0 -4.13336e-02  4.77532e-02 -1.27549e-01 0.939566 0  5.97084e+03  3.62187e+03 -6.86702e+03 0 0 0 
1
1 2112 0 0 -9.20690e-02  4.78628e-02 -1.21449e-01 0.939566 0 -5.51969e+03 -3.01603e+03  6.39240e+03 0 0 0 
1
1 2112 0 0  1.93365e-03 -3.65236e-03 -8.23444e-03 0.939566 0 -3.50442e+03  3.48180e+03  4.25543e+03 0 0 0 
1
1 2112 0 0 -6.15964e-02  5.45923e-02 -4.03884e-02 0.939566 0  5.06211e+03  4.35408e+03  6.82455e+03 0 0 0 
2
1 2112 0 0 -2.83896e-02  3.56336e-01  6.57124e-02 0.939566 0  2.94175e+03 -3.67326e+03  5.65143e+03 0 0 0 
1 2112 0 0  3.16947e-02 -2.46087e-02 -1.30377e-02 0.939566 0  2.93227e+03 -3.55434e+03  5.67336e+03 0 0 0 
4
1 2112 0 0  4.37217e-02 -7.70611e-02 -6.89359e-02 0.939566 0  5.81986e+03  3.50426e+03  6.86877e+03 0 0 0 
1 2112 0 0  6.25914e-02 -7.91265e-02 -6.38900e-02 0.939566 0  5.85756e+03  3.47255e+03  6.84234e+03 0 0 0 
1 2112 0 0  1.39871e-01  3.97480e-03  5.76019e-02 0.939566 0  5.88168e+03  3.45584e+03  6.84583e+03 0 0 0 
1 2112 0 0  1.16808e-01 -7.19017e-02 -1.05229e-01 0.939566 0  5.55593e+03  3.23364e+03  6.87021e+03 0 0 0 
1
1 2112 0 0 -6.28415e-01 -1.33524e-01 -4.31966e-01 0.939566 0 -6.19764e+03 -1.03858e+03  6.35800e+03 0 0 0 
1
1 2112 0 0  1.98585e-02 -2.36222e-02  8.32505e-03 0.939566 0  1.53135e+03  3.21420e+03  6.85707e+03 0 0 0 
1
1 2112 0 0  3.60888e-02 -5.65346e-02 -1.63257e-01 0.939566 0 -2.95149e+03  3.03862e+03  6.64799e+03 0 0 0 
7
1 2112 0 0 -1.12036e-01 -2.61521e-01 -3.28225e-02 0.939566 0 -3.36887e+03  3.98410e+03  5.27129e+03 0 0 0 
1 2112 0 0 -1.30789e-01 -3.33833e-02 -5.64064e-02 0.939566 0 -3.58245e+03  3.63635e+03  5.22511e+03 0 0 0 
1 2112 0 0 -3.31996e-02  5.04679e-02 -5.42035e-02 0.939566 0 -3.48081e+03  3.96584e+03  5.03091e+03 0 0 0 
1 2112 0 0  3.10199e-01 -1.29773e-01 -2.97468e-01 0.939566 0 -2.73905e+03  3.45420e+03  6.26771e+03 0 0 0 
1 2112 0 0  1.41564e-01  1.67954e-01 -5.19864e-02 0.939566 0 -2.73905e+03  3.45420e+03  6.26771e+03 0 0 0 
1 2112 0 0  1.95047e-01  1.81629e-02 -1.42850e-01 0.939566 0 -2.51892e+03  2.78867e+03  5.05229e+03 0 0 0 
1 2112 0 0 -1.13259e-01  6.31810e-02 -9.68835e-02 0.939566 0 -3.48081e+03  3.96584e+03  5.03091e+03 0 0 0 
2
1 2112 0 0 -6.53275e-02  5.02662e-02 -1.42361e-02 0.939566 0 -1.47648e+03 -5.42945e+03  6.19346e+03 0 0 0 
1 2112 0 0  1.75602e-01  1.07594e-01 -4.06619e-01 0.939566 0 -1.36927e+03 -5.30363e+03  5.92374e+03 0 0 0 
6
1 2112 0 0  3.77060e-02 -1.34862e-01 -2.83985e-02 0.939566 0 -3.58787e+03 -7.37629e+02  6.14529e+03 0 0 0 
1 2112 0 0  6.21837e-02  6.39358e-02 -6.10780e-02 0.939566 0 -3.58787e+03 -7.37629e+02  6.14529e+03 0 0 0 
1 2112 0 0  8.79481e-02 -8.58762e-02  3.72316e-02 0.939566 0 -3.42661e+03 -2.12368e+03  6.44280e+03 0 0 0 
1 2112 0 0  6.46541e-02  1.11125e-01 -1.24260e-01 0.939566 0 -4.15001e+03 -3.58994e+02  6.60298e+03 0 0 0 
1 2112 0 0  1.19006e-01  1.61906e-02 -6.80549e-04 0.939566 0 -4.15001e+03 -3.58994e+02  6.60298e+03 0 0 0 
1 2112 0 0 -2.63285e-02 -9.12725e-02  1.31027e-01 0.939566 0 -3.42661e+03 -2.12368e+03  6.44280e+03 0 0 0 
2
1 2112 0 0  2.25180e-02  8.80502e-03 -3.66720e-02 0.939566 0  2.84215e+03 -1.57415e+03  6.63973e+03 0 0 0 
1 2112 0 0 -9.09459e-02 -1.03655e-01  5.28215e-04 0.939566 0  2.84215e+03 -1.57415e+03  6.63973e+03 0 0 0 
2
1 2112 0 0 -8.94426e-02 -1.86161e-01 -1.41275e-01 0.939566 0 -4.82741e+03 -1.13248e+03  5.04411e+03 0 0 0 
1 2112 0 0  3.00216e-01 -3.42482e-01 -1.27723e-01 0.939566 0 -4.09258e+03 -1.68492e+03  4.54734e+03 0 0 0 
1
1 2112 0 0  4.11710e-02  9.58947e-02 -2.06517e-01 0.939566 0 -1.78869e+03  2.35373e+03  6.80882e+03 0 0 0 
2
1 2112 0 0 -1.45596e-02 -6.39230e-02  4.41367e-02 0.939566 0  5.71945e+03 -3.70052e+03  3.39276e+03 0 0 0 
1 2112 0 0 -7.13038e-02  1.82083e-02 -1.72814e-03 0.939566 0  5.27335e+03 -3.48654e+03  3.22027e+03 0 0 0 
1
1 2112 0 0 -1.07687e-01  1.07391e-03 -7.41529e-02 0.939566 0  2.34593e+03  7.12188e+02  6.22566e+03 0 0 0 
1
1 2112 0 0  6.63739e-02 -2.59906e-02 -5.75009e-04 0.939566 0  5.59152e+03 -2.06365e+03  4.76928e+03 0 0 0 
3
1 2112 0 0  1.12324e-01 -3.28196e-02 -5.22741e-02 0.939566 0  1.94208e+03  2.64527e+03  5.71760e+03 0 0 0 
1 2112 0 0  1.11831e-01  2.43070e-01  6.34633e-02 0.939566 0  1.94208e+03  2.64527e+03  5.71760e+03 0 0 0 
1 2112 0 0 -2.42409e-03  2.41118e-02 -7.52870e-02 0.939566 0  2.16857e+03  3.43498e+03  5.96016e+03 0 0 0 
2
1 2112 0 0  6.77339e-02  8.72732e-02 -1.85061e-02 0.939566 0  6.72271e+03 -1.27131e+03 -2.59810e+02 0 0 0 
1 2112 0 0 -7.69548e-02 -1.78341e-02 -1.27313e-01 0.939566 0  6.72271e+03 -1.27131e+03 -2.59810e+02 0 0 0 
1
1 2112 0 0  1.80111e-01 -4.14184e-02 -2.46957e-02 0.939566 0  1.36723e+03 -2.81167e+03  6.74270e+03 0 0 0 
1
1 2112 0 0  4.34472e-02  8.82035e-02 -1.60410e-01 0.939566 0  3.36404e+03 -4.49750e+03  5.95214e+03 0 0 0 
3
1 2112 0 0  2.95517e-02 -2.38150e-02 -2.87678e-01 0.939566 0  4.45945e+03 -7.05705e+02  6.91137e+03 0 0 0 
1 2112 0 0 -1.01041e-01 -3.04706e-01 -9.36655e-02 0.939566 0  4.45945e+03 -7.05705e+02  6.91137e+03 0 0 0 
1 2112 0 0  8.49967e-02  2.87784e-01 -3.20001e-01 0.939566 0  4.45945e+03 -7.05705e+02  6.91137e+03 0 0 0 
1
1 2112 0 0 -3.24605e-02  6.28025e-02 -2.01060e-01 0.939566 0 -3.84862e+03 -1.88199e+03  6.21498e+03 0 0 0 
1
1 2112 0 0  2.11465e-02 -8.74020e-02 -1.96167e-01 0.939566 0 -5.68874e+03  8.68231e+02  6.83163e+03 0 0 0 
1
1 2112 0 0 -8.84606e-03 -1.96268e-02  4.44321e-03 0.939566 0  1.42392e+03 -2.78366e+03  6.95751e+03 0 0 0 
1
1 2112 0 0 -2.29754e-02 -3.54425e-02 -1.45730e-02 0.939566 0 -3.60472e+03  1.69150e+03  6.01879e+03 0 0 0 
3
1 2112 0 0 -1.22923e-02 -1.34138e-01 -2.12830e-01 0.939566 0  6.47988e+03  1.97581e+03  6.54659e+03 0 0 0 
1 2112 0 0  6.85439e-02  1.89617e-01  2.13197e-01 0.939566 0  6.47988e+03  1.97581e+03  6.54659e+03 0 0 0 
1 2112 0 0  1.40399e-01 -4.20634e-03  6.33433e-02 0.939566 0  6.49038e+03  2.00486e+03  6.57925e+03 0 0 0 
3
1 2112 0 0  2.20883e-03  2.65500e-01 -2.58549e-01 0.939566 0 -5.41491e+03  6.33684e+02  6.40479e+03 0 0 0 
1 2112 0 0  6.32058e-02  1.53297e-02  4.26144e-02 0.939566 0 -5.41491e+03  6.33684e+02  6.40479e+03 0 0 0 
1 2112 0 0  1.46739e-01  2.71131e-02 -3.01831e-01 0.939566 0 -5.24144e+03  5.60124e+02  3.29210e+03 0 0 0 
2
1 2112 0 0 -4.49237e-02  7.90340e-02 -2.33305e-02 0.939566 0 -5.83042e+03  3.76959e+03 -6.53473e+03 0 0 0 
1 2112 0 0 -4.08491e-02  6.78664e-02  1.40913e-02 0.939566 0 -5.83042e+03  3.76959e+03 -6.53473e+03 0 0 0 
2
1 2112 0 0 -5.55479e-02  2.51164e-01  1.37250e-01 0.939566 0  3.48727e+03  6.04251e+03  5.79601e+03 0 0 0 
1 2112 0 0 -1.34965e-01  1.29092e-01 -2.24055e-01 0.939566 0  3.48727e+03  6.04251e+03  5.79601e+03 0 0 0 
1
1 2112 0 0 -1.91596e-02  3.61278e-02 -7.38658e-02 0.939566 0 -4.71832e+03 -1.48106e+03  6.97928e+03 0 0 0 
1
1 2112 0 0  6.65350e-02  6.09039e-02 -2.31402e-01 0.939566 0 -4.59316e+03  2.17597e+03  6.57939e+03 0 0 0 
2
1 2112 0 0 -3.83464e-02  1.92702e-01  4.85105e-02 0.939566 0 -1.97731e+03 -4.93317e+03  6.34681e+03 0 0 0 
1 2112 0 0 -2.73140e-02  1.69195e-01  4.76940e-02 0.939566 0 -1.99921e+03 -4.80331e+03  6.39312e+03 0 0 0 
5
1 2112 0 0 -8.25318e-02  3.10410e-01 -1.56619e-01 0.939566 0  1.62086e+03 -5.27281e+03  6.27605e+03 0 0 0 
1 2112 0 0 -1.42272e-01  2.56251e-03 -4.65155e-02 0.939566 0  9.72771e+02 -6.50281e+03  3.29912e+03 0 0 0 
1 2112 0 0  4.60407e-02  6.10532e-02 -1.41960e-01 0.939566 0  9.72771e+02 -6.50281e+03  3.29912e+03 0 0 0 
1 2112 0 0 -1.33072e-01 -1.10207e-01 -2.63803e-01 0.939566 0  8.84985e+02 -6.58665e+03  3.15845e+03 0 0 0 
1 2112 0 0 -2.86669e-03  4.56724e-02 -2.61481e-02 0.939566 0  5.91980e+02 -6.22261e+03  3.03746e+03 0 0 0 
1
1 2112 0 0 -6.80203e-02 -4.00024e-02 -5.66775e-02 0.939566 0 -6.71677e+03  8.78206e+02  6.51806e+03 0 0 0 
2
1 2112 0 0 -2.38801e-02 -1.93197e-02  1.23642e-02 0.939566 0  1.35726e+03 -5.89641e+03  6.42276e+03 0 0 0 
1 2112 0 0  1.51054e-01  3.84004e-02 -3.04122e-01 0.939566 0  1.35726e+03 -5.89641e+03  6.42276e+03 0 0 0 
1
1 2112 0 0  2.09880e-02  5.28191e-02 -2.79537e-01 0.939566 0  2.26516e+03 -3.05382e+03  6.87499e+03 0 0 0 
1
1 2112 0 0  1.78339e-02  1.29501e-02  5.03400e-02 0.939566 0  3.56293e+03  5.72466e+03  6.89853e+03 0 0 0 
1
1 2112 0 0 -6.38715e-02  2.35761e-02  3.69867e-02 0.939566 0 -6.09008e+03  7.05366e+02  6.29466e+03 0 0 0 
1
1 2112 0 0  1.89766e-03  3.03804e-02  7.85348e-02 0.939566 0 -2.56200e+03  5.35407e+03  6.59421e+03 0 0 0 
2
1 2112 0 0  1.37319e-01  1.91153e-02  2.36095e-02 0.939566 0  2.17577e+03  2.98162e+03  6.97447e+03 0 0 0 
1 2112 0 0 -5.02971e-02 -1.31796e-01 -1.23208e-01 0.939566 0  2.17577e+03  2.98162e+03  6.97447e+03 0 0 0 
1
1 2112 0 0  1.13410e-02 -1.42781e-01 -1.78496e-01 0.939566 0 -1.10344e+03  1.06872e+03  6.20709e+03 0 0 0 
2
1 2112 0 0  3.99233e-02  1.76340e-02 -3.72248e-02 0.939566 0  5.76354e+03  3.57935e+03  6.29005e+03 0 0 0 
1 2112 0 0  7.18609e-02  6.65512e-02  9.02740e-02 0.939566 0  5.77023e+03  3.74994e+03  6.36840e+03 0 0 0 
3
1 2112 0 0 -1.53697e-01  5.62073e-02 -1.61186e-01 0.939566 0 -3.16573e+03 -4.95049e+03  6.24678e+03 0 0 0 
1 2112 0 0 -2.80184e-02  3.36026e-02 -1.18467e-02 0.939566 0 -2.97147e+03 -5.73349e+03  5.88188e+03 0 0 0 
1 2112 0 0 -1.71963e-02 -2.93853e-02  5.93170e-02 0.939566 0 -2.97147e+03 -5.73349e+03  5.88188e+03 0 0 0 
1
1 2112 0 0  6.81920e-02  1.00320e-01 -9.95346e-02 0.939566 0  6.76157e+03  6.80850e+01  6.48323e+03 0 0 0 
1
1 2112 0 0 -1.68033e-01 -3.95303e-02 -2.25643e-01 0.939566 0 -5.12211e+03 -2.46451e+02  6.97456e+03 0 0 0 
1
1 2112 0 0  1.00867e-02  1.59012e-01  2.53646e-02 0.939566 0  1.12763e+03 -1.86584e+03  6.62190e+03 0 0 0 
1
1 2112 0 0  6.20961e-02  3.97298e-02 -1.58118e-01 0.939566 0 -3.05236e+03 -4.21015e+03  6.81539e+03 0 0 0 
1
1 2112 0 0 -6.50474e-02  1.15983e-01 -7.98457e-02 0.939566 0  6.14545e+03 -1.44434e+03 -3.79104e+03 0 0 0 
1
1 2112 0 0 -2.31224e-02 -1.07790e-01 -3.41792e-01 0.939566 0 -2.92168e+03  5.58427e+03  6.55068e+03 0 0 0 
1
1 2112 0 0 -2.65977e-01 -1.60028e-01 -4.38264e-01 0.939566 0 -1.12784e+03 -6.84880e+03  4.25480e+03 0 0 0 
2
1 2112 0 0  4.00152e-02  3.52816e-02  1.27603e-03 0.939566 0  2.99522e+03  4.96349e+03  6.64999e+03 0 0 0 
1 2112 0 0  2.28964e-01  2.57091e-01 -2.89849e-01 0.939566 0  2.99522e+03  4.96349e+03  6.64999e+03 0 0 0 
3
1 2112 0 0  2.02016e-01 -2.10889e-02 -1.66677e-01 0.939566 0  1.57699e+03  5.60707e+02  6.32535e+03 0 0 0 
1 2112 0 0  2.11648e-02  6.56784e-02 -7.96622e-02 0.939566 0  1.82318e+03  5.35006e+02  6.12223e+03 0 0 0 
1 2112 0 0 -1.58741e-01 -5.04594e-02 -2.33944e-01 0.939566 0  1.57688e+03  4.42680e+02  6.09843e+03 0 0 0 
1
1 2112 0 0 -1.58741e-01 -5.04594e-02 -2.33944e-01 0.939566 0  1.57688e+03  4.42680e+02  6.09843e+03 0 0 0 
5
1 2112 0 0 -2.27441e-01 -1.20498e-01 -8.44676e-02 0.939566 0 -2.37504e+02 -2.13224e+03  5.52602e+03 0 0 0 
1 2112 0 0  2.23700e-01  1.50278e-02 -2.02847e-03 0.939566 0 -2.37504e+02 -2.13224e+03  5.52602e+03 0 0 0 
1 2112 0 0 -3.57603e-02 -4.78419e-02 -4.18530e-02 0.939566 0 -2.37504e+02 -2.13224e+03  5.52602e+03 0 0 0 
1 2112 0 0  1.95227e-03 -2.27332e-02  5.70071e-02 0.939566 0 -2.37504e+02 -2.13224e+03  5.52602e+03 0 0 0 
1 2112 0 0  3.73099e-02  3.65202e-01 -9.63967e-02 0.939566 0 -7.52171e+02 -3.29679e+02  2.37066e+03 0 0 0 
2
1 2112 0 0 -6.06659e-03  6.61120e-02 -5.04060e-02 0.939566 0 -4.46630e+03  3.34962e+03  6.96021e+03 0 0 0 
1 2112 0 0 -6.04143e-02  5.87893e-02 -1.29031e-01 0.939566 0 -4.46630e+03  3.34962e+03  6.96021e+03 0 0 0 
1
1 2112 0 0 -4.44201e-02 -4.00117e-03 -5.46292e-02 0.939566 0  4.01761e+03 -2.55797e+03  6.23637e+03 0 0 0 
1
1 2112 0 0 -7.96022e-02  6.77072e-02 -1.28983e-01 0.939566 0 -3.07430e+02  4.84240e+03  6.85118e+03 0 0 0 
1
1 2112 0 0  1.64993e-02 -7.93418e-02 -1.30841e-01 0.939566 0  2.65108e+03 -4.46950e+03  6.90728e+03 0 0 0 
1
1 2112 0 0  6.04059e-02  1.64896e-01 -1.59541e-01 0.939566 0  2.33901e+03 -3.11639e+03  5.60276e+03 0 0 0 
2
1 2112 0 0 -4.49772e-02  9.40564e-02  6.32370e-02 0.939566 0  6.54673e+03 -7.69296e+02  2.98090e+03 0 0 0 
1 2112 0 0 -5.03880e-02  7.83742e-02 -9.68518e-03 0.939566 0  6.49291e+03 -8.05417e+02  2.95845e+03 0 0 0 
1
1 2112 0 0 -5.03880e-02  7.83742e-02 -9.68518e-03 0.939566 0  6.49291e+03 -8.05417e+02  2.95845e+03 0 0 0 
1
1 2112 0 0 -5.13600e-02  5.94204e-02  1.86534e-02 0.939566 0 -2.82636e+03  5.60583e+03  6.94857e+03 0 0 0 
1
1 2112 0 0 -7.39049e-02 -1.25231e-01 -9.32618e-03 0.939566 0 -1.92986e+03 -2.72331e+03  6.15510e+03 0 0 0 
2
1 2112 0 0 -4.37268e-03  5.52187e-02 -1.33302e-02 0.939566 0  4.79978e+03  3.05581e+03  6.40444e+03 0 0 0 
1 2112 0 0 -5.31615e-02  3.86928e-02 -1.29514e-03 0.939566 0  5.44073e+03  3.30438e+03  6.19322e+03 0 0 0 
1
1 2112 0 0 -3.20305e-01 -5.80306e-02 -1.67613e-01 0.939566 0 -4.12942e+03  3.26858e+03  6.49347e+03 0 0 0 
1
1 2112 0 0 -7.24691e-02 -1.90261e-02 -1.78730e-01 0.939566 0  1.90977e+03 -2.61292e+03  6.83000e+03 0 0 0 
1
1 2112 0 0 -4.25252e-02  1.16888e-01 -7.05907e-02 0.939566 0 -4.78840e+03  5.05756e+03  6.69753e+03 0 0 0 
1
1 2112 0 0  7.90363e-02 -7.89565e-02 -1.15387e-01 0.939566 0  4.87752e+03 -2.13430e+03  6.28811e+03 0 0 0 
6
1 2112 0 0  2.35195e-01 -1.96567e-01 -2.51427e-01 0.939566 0 -1.53518e+03 -2.00750e+03  5.55275e+03 0 0 0 
1 2112 0 0  2.99770e-01 -2.88324e-03  2.40709e-01 0.939566 0 -1.53518e+03 -2.00750e+03  5.55275e+03 0 0 0 
1 2112 0 0  4.56401e-02  1.35907e-01  5.79542e-04 0.939566 0 -1.55773e+03 -1.98102e+03  5.49193e+03 0 0 0 
1 2112 0 0 -1.51054e-01 -6.14256e-02  9.47369e-02 0.939566 0 -1.55773e+03 -1.98102e+03  5.49193e+03 0 0 0 
1 2112 0 0  3.57087e-02  1.01808e-02  4.05591e-02 0.939566 0 -1.55773e+03 -1.98102e+03  5.49193e+03 0 0 0 
1 2112 0 0  4.01898e-02 -5.63688e-03 -1.89315e-01 0.939566 0 -1.06289e+03 -2.40223e+03  5.04786e+03 0 0 0 
1
1 2112 0 0  1.09856e-01 -6.55311e-02  2.02044e-02 0.939566 0  3.34731e+03 -3.60169e+03  5.19809e+03 0 0 0 
1
1 2112 0 0 -9.42015e-03  7.32024e-02 -5.55974e-02 0.939566 0 -5.22680e+03 -9.35292e+01  6.68832e+03 0 0 0 
1
1 2112 0 0  7.43666e-02  2.44691e-02 -7.49493e-03 0.939566 0 -5.98094e+03  3.23576e+03  4.89834e+03 0 0 0 
1
1 2112 0 0  1.28165e-01  8.73198e-02 -6.37954e-02 0.939566 0 -3.29871e+03 -1.41558e+03  5.80732e+03 0 0 0 
1
1 2112 0 0 -8.52133e-03 -2.97258e-02  3.56502e-02 0.939566 0 -3.99028e+03  9.93979e+02  6.17205e+03 0 0 0 
2
1 2112 0 0 -6.91191e-03 -8.81911e-02  7.39019e-02 0.939566 0 -5.45270e+02  2.20525e+03  6.82995e+03 0 0 0 
1 2112 0 0 -4.63264e-03  1.02154e-01 -8.68681e-02 0.939566 0 -5.45270e+02  2.20525e+03  6.82995e+03 0 0 0 
1
1 2112 0 0  4.24319e-02  5.85852e-02  6.90175e-03 0.939566 0  5.33684e+02 -6.72222e+03  6.85201e+03 0 0 0 
1
1 2112 0 0 -4.84913e-02  1.08702e-01 -2.98249e-01 0.939566 0 -4.69300e+03 -4.42164e+03  6.30498e+03 0 0 0 
1
1 2112 0 0 -1.03788e-01  2.12933e-01 -1.52574e-01 0.939566 0  6.41710e+03  2.37057e+03  6.76984e+03 0 0 0 
1
1 2112 0 0 -7.66924e-02  2.76699e-01 -2.43887e-01 0.939566 0  1.59822e+03  2.60560e+03  6.29947e+03 0 0 0 
10
1 2112 0 0  1.35764e-01  4.45842e-02 -2.22092e-01 0.939566 0 -3.43684e+03 -1.88205e+03  6.19699e+03 0 0 0 
1 2112 0 0 -2.27231e-01  2.15119e-01  4.90818e-02 0.939566 0 -4.15644e+03 -1.85623e+03  5.38153e+03 0 0 0 
1 2112 0 0 -1.20184e-01  2.74892e-01 -3.21472e-01 0.939566 0 -4.15655e+03 -1.85624e+03  5.37975e+03 0 0 0 
1 2112 0 0 -5.35470e-02 -5.80299e-02 -1.85819e-01 0.939566 0 -4.15655e+03 -1.85624e+03  5.37975e+03 0 0 0 
1 2112 0 0  7.19230e-03  6.56530e-02 -8.55757e-02 0.939566 0 -4.42672e+03 -1.58550e+03  5.38167e+03 0 0 0 
1 2112 0 0  2.22238e-01 -4.33233e-02 -3.54788e-01 0.939566 0 -4.70974e+03 -2.18715e+03  4.67608e+03 0 0 0 
1 2112 0 0 -3.59661e-01 -1.51476e-01  1.36299e-01 0.939566 0 -4.70974e+03 -2.18715e+03  4.67608e+03 0 0 0 
1 2112 0 0  2.98370e-01 -1.02764e-01 -2.30491e-01 0.939566 0 -4.06784e+03 -1.94614e+03  5.40029e+03 0 0 0 
1 2112 0 0 -2.02754e-01  9.07436e-02  1.01311e-01 0.939566 0 -4.06784e+03 -1.94614e+03  5.40029e+03 0 0 0 
1 2112 0 0 -1.53131e-01 -6.63914e-02 -9.17426e-02 0.939566 0 -3.48136e+03 -1.95576e+03  5.68358e+03 0 0 0 
3
1 2112 0 0 -1.41722e-01 -6.77361e-02 -3.71540e-01 0.939566 0  1.74518e+03  4.41662e+03  6.90885e+03 0 0 0 
1 2112 0 0  4.26235e-03 -1.21983e-01  7.11077e-02 0.939566 0  1.43798e+03  4.31298e+03  5.90510e+03 0 0 0 
1 2112 0 0  4.62099e-02  1.35427e-01  5.79889e-03 0.939566 0  2.48483e+03  4.63017e+03  6.66704e+03 0 0 0 
1
1 2112 0 0 -8.05738e-02  2.21928e-02 -1.43252e-01 0.939566 0 -1.22714e+03 -2.65294e+03  5.81257e+03 0 0 0 
1
1 2112 0 0  4.23087e-02  2.41311e-01 -2.27998e-01 0.939566 0  4.15601e+03 -5.60208e+03 -6.28810e+03 0 0 0 
1
1 2112 0 0 -9.15421e-02 -4.55036e-02 -1.23103e-01 0.939566 0  6.77505e+03  1.02213e+03  6.82536e+03 0 0 0 
2
1 2112 0 0 -1.46502e-02 -3.36508e-01 -2.18714e-02 0.939566 0 -4.71167e+02  1.20683e+03  6.45804e+03 0 0 0 
1 2112 0 0 -9.15421e-02 -4.55036e-02 -1.23103e-01 0.939566 0  6.77505e+03  1.02213e+03  6.82536e+03 0 0 0 
3
1 2112 0 0 -4.18424e-02  2.85804e-01 -4.52134e-01 0.939566 0  1.19894e+03  3.56652e+03  4.15968e+03 0 0 0 
1 2112 0 0 -3.08861e-01 -7.04647e-02  1.69346e-01 0.939566 0 -2.32953e+03  5.37363e+02  8.03781e+02 0 0 0 
1 2112 0 0  5.06893e-02  5.73821e-02 -3.63795e-02 0.939566 0 -3.34269e+03  6.46066e+02  1.02308e+03 0 0 0 
1
1 2112 0 0  7.24809e-02  6.90909e-04 -6.28215e-02 0.939566 0 -3.18658e+03  2.45681e+02  5.25956e+03 0 0 0 
2
1 2112 0 0 -6.54146e-02  5.53105e-02 -8.82818e-02 0.939566 0  4.01655e+03  3.52193e+03  6.12983e+03 0 0 0 
1 2112 0 0  3.49791e-01 -8.48885e-02 -1.09785e+00 0.939566 0  4.38801e+03  3.42125e+03  5.58942e+03 0 0 0 
1
1 2112 0 0 -2.36030e-02  8.19064e-03 -3.41765e-02 0.939566 0  6.81237e+03  1.30502e+03  1.29666e+03 0 0 0 
1
1 2112 0 0  8.15851e-02  2.54307e-02 -1.29374e-01 0.939566 0  5.37775e+03  2.34721e+03  6.54708e+03 0 0 0 
1
1 2112 0 0 -9.43904e-02  1.25888e-01  1.05088e-02 0.939566 0  5.65871e+02 -2.77538e+03  6.26209e+03 0 0 0 
1
1 2112 0 0  1.10635e-01  2.01117e-01 -8.65216e-02 0.939566 0 -2.51699e+03 -2.24719e+03  6.65402e+03 0 0 0 
1
1 2112 0 0 -6.72509e-02 -1.08305e-01 -5.78029e-02 0.939566 0  3.82461e+03 -5.58335e+03  5.15676e+03 0 0 0 
1
1 2112 0 0 -5.53172e-02  2.91051e-02 -5.64400e-02 0.939566 0 -2.09205e+00  6.77541e+03  4.81119e+03 0 0 0 
4
1 2112 0 0  4.73136e-02  1.49503e-01 -6.58353e-02 0.939566 0  2.72527e+03  5.21746e+03  6.60050e+03 0 0 0 
1 2112 0 0  2.77092e-01 -6.11203e-02  2.34402e-01 0.939566 0  2.84056e+03  5.18546e+03  6.75224e+03 0 0 0 
1 2112 0 0  1.26993e-02 -1.68710e-01 -1.87748e-01 0.939566 0  2.84056e+03  5.18546e+03  6.75224e+03 0 0 0 
1 2112 0 0  6.70123e-02  9.04153e-02 -5.10946e-02 0.939566 0  2.71375e+03  5.11708e+03  6.82855e+03 0 0 0 
1
1 2112 0 0  1.92937e-01 -4.11021e-03 -3.50000e-01 0.939566 0 -6.32594e+03  2.41485e+03  3.86266e+03 0 0 0 
1
1 2112 0 0  1.11483e-02  4.49826e-02  5.69457e-02 0.939566 0 -6.79737e+03  6.75116e+01 -5.78472e+03 0 0 0 
1
1 2112 0 0  1.66259e-01  8.98835e-03 -9.56737e-02 0.939566 0  4.24575e+03 -4.85009e+03  4.04117e+03 0 0 0 
1
1 2112 0 0  1.19972e-01  2.61269e-02  1.44852e-03 0.939566 0 -1.69430e+02 -6.11390e+03  6.94826e+03 0 0 0 
3
1 2112 0 0 -2.08396e-02  5.69715e-02  8.95744e-03 0.939566 0  6.49668e+03 -1.06659e+03 -3.98998e+03 0 0 0 
1 2112 0 0  4.73819e-02 -9.14401e-03 -1.30601e-02 0.939566 0  6.32341e+03 -1.03772e+03 -4.17964e+03 0 0 0 
1 2112 0 0 -1.89169e-01 -7.56697e-02 -2.15496e-02 0.939566 0  6.15438e+03 -1.06217e+03 -4.34166e+03 0 0 0 
1
1 2112 0 0  2.01186e-02  1.21642e-01 -1.32584e-01 0.939566 0 -2.54454e+03  5.57461e+03  6.88668e+03 0 0 0 
4
1 2112 0 0 -5.52126e-02 -1.26990e-01 -4.46922e-01 0.939566 0 -1.70840e+03 -4.59531e+03  6.51319e+03 0 0 0 
1 2112 0 0  6.37907e-02 -4.65021e-02 -1.62588e-01 0.939566 0 -1.70840e+03 -4.59531e+03  6.51319e+03 0 0 0 
1 2112 0 0 -1.03775e-01  1.86552e-01  1.19115e-01 0.939566 0 -1.70840e+03 -4.59531e+03  6.51319e+03 0 0 0 
1 2112 0 0  1.03243e-04 -4.51221e-02 -1.40929e-01 0.939566 0 -1.62070e+03 -4.89474e+03  5.88274e+03 0 0 0 
2
1 2112 0 0 -4.33104e-02 -6.49529e-03 -3.33241e-02 0.939566 0 -6.79022e+03 -1.24647e+03  4.94835e+03 0 0 0 
1 2112 0 0  5.55733e-02  1.08548e-02 -7.16518e-02 0.939566 0 -6.79022e+03 -1.24647e+03  4.94835e+03 0 0 0 
1
1 2112 0 0 -6.32512e-02 -1.35760e-01 -8.20527e-02 0.939566 0 -5.84838e+03  3.90768e+02  6.65721e+03 0 0 0 
2
1 2112 0 0  9.87597e-03 -6.81158e-02  4.35357e-02 0.939566 0  4.66256e+03 -4.60448e+03  6.78595e+03 0 0 0 
1 2112 0 0  1.13745e-01  1.37343e-01 -1.51432e-01 0.939566 0  4.66256e+03 -4.60448e+03  6.78595e+03 0 0 0 
1
1 2112 0 0  1.43952e-02  4.99743e-02  2.52555e-02 0.939566 0  1.99916e+03 -5.45607e+03 -5.89395e+03 0 0 0 
2
1 2112 0 0 -7.90781e-02 -2.64446e-01 -1.50380e-01 0.939566 0 -1.43007e+03 -6.06147e+03  5.56250e+03 0 0 0 
1 2112 0 0  5.80047e-02 -5.97861e-02 -2.39060e-01 0.939566 0 -1.56733e+03 -6.51030e+03  5.28836e+03 0 0 0 
2
1 2112 0 0 -9.65720e-03 -6.14072e-02 -1.24398e-01 0.939566 0  4.90042e+02 -3.39891e+03  6.55670e+03 0 0 0 
1 2112 0 0 -1.14209e-01 -9.36328e-02 -1.53407e-01 0.939566 0  4.90042e+02 -3.39891e+03  6.55670e+03 0 0 0 
3
1 2112 0 0  6.01723e-03  1.87737e-02  3.28839e-02 0.939566 0 -4.55523e+02  5.13700e+03  6.89759e+03 0 0 0 
1 2112 0 0 -8.65303e-02  1.32401e-02 -6.05951e-02 0.939566 0 -1.50781e+03  5.07068e+03  6.60923e+03 0 0 0 
1 2112 0 0 -2.77312e-01 -3.17470e-01 -8.36039e-02 0.939566 0 -1.50781e+03  5.07068e+03  6.60923e+03 0 0 0 
15
1 2112 0 0 -4.92807e-01  2.36679e-01 -1.94604e-01 0.939566 0 -4.25040e+03 -1.61046e+03  6.56280e+03 0 0 0 
1 2112 0 0 -1.84437e-01  5.10915e-02 -4.60998e-02 0.939566 0 -4.82108e+03 -1.35301e+03  6.30438e+03 0 0 0 
1 2112 0 0 -1.52068e-01 -6.17303e-01 -5.58170e-01 0.939566 0 -4.29380e+03 -1.75939e+03  6.38242e+03 0 0 0 
1 2112 0 0 -6.62614e-02  1.83733e-01  4.97517e-02 0.939566 0 -4.29380e+03 -1.75939e+03  6.38242e+03 0 0 0 
1 2112 0 0 -2.15861e-01 -2.44389e-01 -1.98981e-01 0.939566 0 -4.29184e+03 -1.76710e+03  6.37539e+03 0 0 0 
1 2112 0 0  3.85866e-03 -6.61759e-02 -4.54509e-02 0.939566 0 -4.29184e+03 -1.76710e+03  6.37539e+03 0 0 0 
1 2112 0 0  9.88928e-02  6.69315e-02  3.97330e-02 0.939566 0 -4.36800e+03 -1.85332e+03  6.30519e+03 0 0 0 
1 2112 0 0  3.74314e-01  1.51592e-01 -8.46575e-02 0.939566 0 -4.48979e+03 -1.90388e+03  6.19148e+03 0 0 0 
1 2112 0 0 -7.32810e-02 -8.29568e-02 -3.28340e-02 0.939566 0 -4.48979e+03 -1.90388e+03  6.19148e+03 0 0 0 
1 2112 0 0  2.59502e-02  5.53622e-02 -4.16786e-02 0.939566 0 -3.93421e+03 -1.78126e+03  6.12848e+03 0 0 0 
1 2112 0 0  1.29369e-01 -5.59228e-02  1.85277e-02 0.939566 0 -4.60886e+03 -3.28634e+03  4.60609e+03 0 0 0 
1 2112 0 0  4.39169e-02 -2.95314e-01  6.09635e-02 0.939566 0 -4.23419e+03 -2.06192e+03  6.10742e+03 0 0 0 
1 2112 0 0 -1.22044e-01 -6.34312e-01 -8.38783e-02 0.939566 0 -4.56583e+03 -2.98939e+03  5.77261e+03 0 0 0 
1 2112 0 0 -2.22731e-01 -5.38807e-02  2.03376e-02 0.939566 0 -4.80235e+03 -4.21871e+03  5.61005e+03 0 0 0 
1 2112 0 0  5.19756e-02  9.29058e-03 -6.38294e-02 0.939566 0 -4.16641e+03 -4.00359e+03  5.04753e+03 0 0 0 
1
1 2112 0 0 -5.54496e-02  5.82288e-02 -1.66293e-01 0.939566 0  2.58184e+02 -4.36418e+03  6.94315e+03 0 0 0 
1
1 2112 0 0 -9.17890e-02  1.34922e-02 -1.57316e-02 0.939566 0 -1.26293e+03  4.78246e+03  5.71368e+03 0 0 0 
1
1 2112 0 0  8.82533e-02 -6.56306e-03 -2.09734e-01 0.939566 0  7.12399e+02  3.37336e+03  6.75686e+03 0 0 0 
2
1 2112 0 0  1.17498e-01 -5.70301e-02  5.85673e-02 0.939566 0  3.69281e+03  2.67707e+03  6.13661e+03 0 0 0 
1 2112 0 0  9.17062e-02 -1.29350e-02  1.29246e-01 0.939566 0  3.69281e+03  2.67707e+03  6.13661e+03 0 0 0 
1
1 2112 0 0 -1.07757e-01 -1.42945e-02 -1.47131e-01 0.939566 0 -1.01400e+03 -2.17082e+03  6.91325e+03 0 0 0 
1
1 2112 0 0 -1.56912e-01 -1.59673e-02 -5.02632e-02 0.939566 0  7.31080e+02  6.61316e+03  6.86102e+03 0 0 0 
1
1 2112 0 0 -7.43141e-02 -1.57818e-01 -3.61568e-02 0.939566 0 -5.93534e+03 -3.41837e+03 -9.76535e+02 0 0 0 
2
1 2112 0 0  1.14523e-01  6.97761e-03 -1.00519e-01 0.939566 0  1.35379e+03  5.42975e+03  6.41552e+03 0 0 0 
1 2112 0 0 -3.38927e-02  7.31126e-02 -2.33773e-01 0.939566 0  1.35379e+03  5.42975e+03  6.41552e+03 0 0 0 
3
1 2112 0 0 -3.85083e-02 -2.29052e-01  4.15355e-02 0.939566 0 -6.29462e+03 -2.47198e+03  6.07361e+03 0 0 0 
1 2112 0 0 -4.99120e-02  7.60306e-03 -1.18059e-01 0.939566 0 -6.29462e+03 -2.47198e+03  6.07361e+03 0 0 0 
1 2112 0 0 -3.11250e-01 -6.50786e-02 -7.21857e-02 0.939566 0 -6.65380e+03 -2.11083e+03  5.75408e+03 0 0 0 
1
1 2112 0 0  1.33396e-01 -2.68997e-01 -5.64847e-02 0.939566 0  5.16918e+03 -4.57356e+03  6.56850e+03 0 0 0 
1
1 2112 0 0  8.02552e-02  1.52661e-01 -2.36009e-01 0.939566 0 -1.84514e+03 -5.73642e+03  1.91213e+03 0 0 0 
1
1 2112 0 0 -6.36448e-02 -6.02255e-02  7.61459e-03 0.939566 0 -4.23664e+03  4.49723e+03  6.11201e+03 0 0 0 
1
1 2112 0 0  8.36000e-02 -2.53286e-02 -3.56731e-02 0.939566 0 -5.94949e+02 -2.26167e+03  5.62783e+03 0 0 0 
2
1 2112 0 0 -1.35710e-04  7.29760e-02 -1.38859e-01 0.939566 0  1.48789e+03 -5.16727e+02  6.46389e+03 0 0 0 
1 2112 0 0 -1.19948e-02  2.09872e-01 -1.70613e-02 0.939566 0  1.48789e+03 -5.16727e+02  6.46389e+03 0 0 0 
1
1 2112 0 0 -4.46299e-03 -5.81565e-03  5.08819e-02 0.939566 0  8.54767e+02  1.51670e+03  6.25522e+03 0 0 0 
1
1 2112 0 0  3.68714e-01 -2.47814e-01 -4.76732e-01 0.939566 0 -1.23657e+03 -6.40471e+03  6.35486e+03 0 0 0 
1
1 2112 0 0  3.06660e-02 -1.50894e-02  4.91157e-02 0.939566 0  5.87655e+03 -3.32856e+03 -1.04590e+03 0 0 0 
1
1 2112 0 0  5.44589e-02 -2.00738e-01 -1.18014e-02 0.939566 0  9.59088e+02  2.39994e+03  6.49407e+03 0 0 0 
1
1 2112 0 0 -7.08291e-02 -6.26849e-02 -2.08039e-01 0.939566 0  5.14837e+03 -4.61049e+03  6.91802e+03 0 0 0 
2
1 2112 0 0 -5.93575e-02  2.40636e-02  3.64358e-02 0.939566 0  1.63174e+03 -2.63833e+03  6.81807e+03 0 0 0 
1 2112 0 0  1.41878e-01  5.38967e-02 -4.88225e-02 0.939566 0  1.63174e+03 -2.63833e+03  6.81807e+03 0 0 0 
2
1 2112 0 0 -2.88200e-02 -1.35011e-01 -1.40415e-01 0.939566 0  1.69259e+03  4.56137e+03  5.28467e+03 0 0 0 
1 2112 0 0 -3.27041e-02 -2.59523e-02 -1.25693e-02 0.939566 0  1.69261e+03  4.53518e+03  5.14723e+03 0 0 0 
2
1 2112 0 0  2.87664e-01 -5.57556e-02  2.60409e-03 0.939566 0  6.13394e+03  9.20873e+01  6.61934e+03 0 0 0 
1 2112 0 0  1.27757e-01  1.04405e-01 -1.08103e-01 0.939566 0  6.27145e+03  6.54344e+01  6.62058e+03 0 0 0 
1
1 2112 0 0  6.18265e-02 -1.57421e-01 -1.32726e-01 0.939566 0  2.30175e+03  6.45681e+03  4.76122e+03 0 0 0 
1
1 2112 0 0 -5.65686e-02 -9.86455e-03 -1.58585e-01 0.939566 0  3.71009e+03 -3.99757e+01  6.67801e+03 0 0 0 
1
1 2112 0 0 -8.67940e-02  1.23635e-01 -1.93686e-01 0.939566 0  4.85846e+03 -4.08233e+03  6.56045e+03 0 0 0 
1
1 2112 0 0 -8.67940e-02  1.23635e-01 -1.93686e-01 0.939566 0  4.85846e+03 -4.08233e+03  6.56045e+03 0 0 0 
1
1 2112 0 0 -7.16546e-02  1.74294e-01 -2.00122e-01 0.939566 0  1.39534e+03  3.32108e+03  6.78592e+03 0 0 0 
1
1 2112 0 0 -7.16546e-02  1.74294e-01 -2.00122e-01 0.939566 0  1.39534e+03  3.32108e+03  6.78592e+03 0 0 0 
2
1 2112 0 0  2.77793e-02  1.00019e-01 -1.26383e-02 0.939566 0 -1.36132e+03  4.05633e+03  6.93989e+03 0 0 0 
1 2112 0 0  3.87291e-02 -4.59220e-02 -8.98283e-02 0.939566 0 -4.91385e+02  3.51918e+03  6.39516e+03 0 0 0 
3
1 2112 0 0  3.30188e-02  2.00590e-01 -2.56591e-01 0.939566 0  2.77347e+03 -6.12272e+03  5.65848e+03 0 0 0 
1 2112 0 0 -3.73011e-02  1.00756e-02  5.40651e-02 0.939566 0  2.62377e+03 -5.99172e+03  5.87054e+03 0 0 0 
1 2112 0 0 -4.94173e-02  1.94435e-01 -6.25810e-02 0.939566 0  2.62377e+03 -5.99172e+03  5.87054e+03 0 0 0 
5
1 2112 0 0  2.13273e-01 -1.05968e-01  3.73115e-02 0.939566 0 -2.04836e+03 -6.53492e+03  1.28261e+03 0 0 0 
1 2112 0 0 -7.09537e-02 -2.45797e-01 -1.86318e-01 0.939566 0 -1.94849e+03 -6.60321e+03  1.45908e+03 0 0 0 
1 2112 0 0 -4.63401e-03  1.89514e-01  1.93221e-01 0.939566 0 -1.94849e+03 -6.60321e+03  1.45908e+03 0 0 0 
1 2112 0 0  4.14351e-02  5.26004e-02  1.75368e-02 0.939566 0 -1.94849e+03 -6.60321e+03  1.45908e+03 0 0 0 
1 2112 0 0 -2.54739e-02  2.90960e-02  6.01934e-02 0.939566 0 -1.85712e+03 -6.64299e+03  1.46038e+03 0 0 0 
1
1 2112 0 0  2.00049e-02 -5.79337e-02 -1.84264e-01 0.939566 0 -6.96297e+03 -3.16958e+02 -2.76393e+03 0 0 0 
1
1 2112 0 0  2.00049e-02 -5.79337e-02 -1.84264e-01 0.939566 0 -6.96297e+03 -3.16958e+02 -2.76393e+03 0 0 0 
1
1 2112 0 0 -2.25558e-01 -4.94899e-02 -7.28268e-02 0.939566 0  2.83453e+03  6.31799e+03 -5.36381e+03 0 0 0 
1
1 2112 0 0 -6.07450e-02 -6.11844e-02  7.62009e-03 0.939566 0  4.10015e+03  4.17585e+03  6.77474e+03 0 0 0 
1
1 2112 0 0  4.39813e-02  8.33980e-02  1.18468e-02 0.939566 0 -4.74353e+03 -3.60545e+03  3.19210e+03 0 0 0 
3
1 2112 0 0 -2.40754e-01  1.31787e-02 -2.64821e-01 0.939566 0  4.81785e+03  3.20032e+03  5.02430e+03 0 0 0 
1 2112 0 0 -2.83283e-02  6.15094e-02  1.63441e-02 0.939566 0  4.81785e+03  3.20032e+03  5.02430e+03 0 0 0 
1 2112 0 0  1.85847e-01  5.44550e-01 -5.86256e-01 0.939566 0  4.81785e+03  3.20032e+03  5.02430e+03 0 0 0 
1
1 2112 0 0  6.75768e-02  7.61329e-02 -1.35025e-01 0.939566 0 -3.06054e+03 -6.21323e+03 -5.69349e+03 0 0 0 
1
1 2112 0 0 -5.84253e-02 -1.11224e-01 -7.99540e-02 0.939566 0 -1.86965e+03 -5.45305e+03  6.43876e+03 0 0 0 
1
1 2112 0 0 -1.15297e-01 -1.07656e-01  3.76638e-02 0.939566 0  4.45444e+03 -5.02799e+03  3.97072e+03 0 0 0 
1
1 2112 0 0 -4.57073e-02 -1.11480e-02 -6.21955e-02 0.939566 0  6.66312e+03  1.98665e+03  3.89044e+03 0 0 0 
1
1 2112 0 0 -2.15502e-02 -9.29920e-02  1.11127e-01 0.939566 0 -4.08341e+03  5.03562e+03 -1.56354e+03 0 0 0 
1
1 2112 0 0  5.57280e-02  1.09197e-01 -8.61165e-02 0.939566 0 -3.41194e+03  5.32884e+03  6.59899e+03 0 0 0 
3
1 2112 0 0 -1.65471e-01 -3.64939e-02 -1.24842e-01 0.939566 0  3.04000e+03  1.90931e+03  6.86583e+03 0 0 0 
1 2112 0 0  8.85159e-02  6.01929e-02  1.48321e-02 0.939566 0  3.04000e+03  1.90931e+03  6.86583e+03 0 0 0 
1 2112 0 0  4.74846e-02 -1.73213e-02 -1.31392e-01 0.939566 0  2.92120e+03  1.94339e+03  6.30051e+03 0 0 0 
1
1 2112 0 0 -5.38948e-02  4.02347e-02  2.54142e-02 0.939566 0 -6.13508e+03  2.80927e+03 -5.60869e+03 0 0 0 
1
1 2112 0 0 -1.58338e-01  2.22445e-01 -1.62310e-01 0.939566 0 -3.60617e+03  5.87118e+03  6.14474e+03 0 0 0 
3
1 2112 0 0 -5.76389e-02  3.09760e-02  1.51870e-01 0.939566 0 -1.31559e+03 -4.19023e+03  6.70325e+03 0 0 0 
1 2112 0 0 -3.94285e-02  2.50735e-03  4.09705e-03 0.939566 0 -1.60747e+03 -4.03875e+03  5.36977e+03 0 0 0 
1 2112 0 0 -4.61465e-02  1.46129e-02 -3.42625e-02 0.939566 0 -1.60747e+03 -4.03875e+03  5.36977e+03 0 0 0 
1
1 2112 0 0 -3.52315e-02 -9.79253e-03  5.11780e-02 0.939566 0 -3.52464e+03  5.76530e+03 -4.46863e+02 0 0 0 
1
1 2112 0 0 -1.90682e-02  1.09998e-01 -1.76743e-01 0.939566 0 -4.75348e+03 -4.71234e+03  5.70953e+03 0 0 0 
2
1 2112 0 0 -8.69695e-02  9.97495e-03  9.81148e-03 0.939566 0  5.68029e+03  3.97835e+03 -3.46868e+03 0 0 0 
1 2112 0 0 -2.61956e-01 -5.98294e-02 -1.98219e-01 0.939566 0  5.68029e+03  3.97835e+03 -3.46868e+03 0 0 0 
1
1 2112 0 0  9.01998e-02  6.32361e-02 -2.70140e-01 0.939566 0 -1.75762e+03  1.14061e+03  6.37946e+03 0 0 0 
